5.000000000000000000e+01
6.021505376344086358e+01
7.043010752688172715e+01
8.064516129032257652e+01
9.086021505376344010e+01
1.010752688172043037e+02
1.112903225806451530e+02
1.215053763440860166e+02
1.317204301075268802e+02
1.419354838709677438e+02
1.521505376344086073e+02
1.623655913978494709e+02
1.725806451612903061e+02
1.827956989247311697e+02
1.930107526881720332e+02
2.032258064516128968e+02
2.134408602150537604e+02
2.236559139784946240e+02
2.338709677419354875e+02
2.440860215053763511e+02
2.543010752688172147e+02
2.645161290322580498e+02
2.747311827956989418e+02
2.849462365591397770e+02
2.951612903225806122e+02
3.053763440860215042e+02
3.155913978494623393e+02
3.258064516129032313e+02
3.360215053763440665e+02
3.462365591397849585e+02
3.564516129032257936e+02
3.666666666666666856e+02
3.768817204301075208e+02
3.870967741935483559e+02
3.973118279569892479e+02
4.075268817204300831e+02
4.177419354838709751e+02
4.279569892473118102e+02
4.381720430107527022e+02
4.483870967741935374e+02
4.586021505376344294e+02
4.688172043010752645e+02
4.790322580645160997e+02
4.892473118279569917e+02
4.994623655913978268e+02
5.096774193548387188e+02
5.198924731182795540e+02
5.301075268817204460e+02
5.403225806451612243e+02
5.505376344086021163e+02
5.607526881720430083e+02
5.709677419354839003e+02
5.811827956989246786e+02
5.913978494623655706e+02
6.016129032258064626e+02
6.118279569892473546e+02
6.220430107526881329e+02
6.322580645161290249e+02
6.424731182795699169e+02
6.526881720430106952e+02
6.629032258064515872e+02
6.731182795698924792e+02
6.833333333333333712e+02
6.935483870967741495e+02
7.037634408602150415e+02
7.139784946236559335e+02
7.241935483870967118e+02
7.344086021505376038e+02
7.446236559139784958e+02
7.548387096774193878e+02
7.650537634408601662e+02
7.752688172043010582e+02
7.854838709677419502e+02
7.956989247311827285e+02
8.059139784946236205e+02
8.161290322580645125e+02
8.263440860215054045e+02
8.365591397849461828e+02
8.467741935483870748e+02
8.569892473118279668e+02
8.672043010752688588e+02
8.774193548387096371e+02
8.876344086021505291e+02
8.978494623655914211e+02
9.080645161290321994e+02
9.182795698924730914e+02
9.284946236559139834e+02
9.387096774193548754e+02
9.489247311827956537e+02
9.591397849462365457e+02
9.693548387096774377e+02
9.795698924731182160e+02
9.897849462365591080e+02
1.000000000000000000e+03
