1.083457999999999986e-06,1.135794000000000124e-05,2.435659999999999987e-05,3.978020000000000243e-05,5.755820000000000061e-05,7.845560000000000825e-05,9.992339999999999946e-05,1.226247999999999986e-04,1.467804000000000016e-04,1.720226000000000155e-04
1.188477999999999957e-06,1.171380000000000125e-05,2.682300000000000052e-05,4.456779999999999704e-05,6.320220000000000959e-05,8.741580000000000422e-05,1.129074000000000093e-04,1.371125999999999855e-04,1.662806000000000017e-04,1.940773999999999928e-04
9.989220000000000559e-07,1.245949999999999989e-05,2.869880000000000041e-05,4.918320000000000032e-05,7.173460000000000264e-05,9.507800000000000008e-05,1.245635999999999944e-04,1.522832000000000059e-04,1.832654000000000021e-04,2.146219999999999790e-04
1.042196000000000050e-06,1.307001999999999993e-05,3.025459999999999998e-05,5.160700000000000243e-05,7.651660000000001208e-05,1.037682000000000003e-04,1.339996000000000036e-04,1.667077999999999898e-04,1.990842000000000208e-04,2.353059999999999863e-04
9.793980000000000460e-07,1.354738000000000039e-05,3.268720000000000105e-05,5.507419999999999525e-05,7.965820000000000246e-05,1.094160000000000109e-04,1.431679999999999954e-04,1.773498000000000142e-04,2.173099999999999912e-04,2.551979999999999917e-04
1.000622000000000184e-06,1.401931999999999946e-05,3.290859999999999863e-05,5.713099999999999223e-05,8.639420000000000031e-05,1.173226000000000141e-04,1.503948000000000123e-04,1.899461999999999874e-04,2.293159999999999979e-04,2.694500000000000172e-04
7.574300000000000266e-07,1.385890000000000041e-05,3.330620000000000309e-05,5.829400000000000803e-05,8.851999999999999951e-05,1.218145999999999975e-04,1.589107999999999829e-04,1.976074000000000081e-04,2.374599999999999931e-04,2.865820000000000151e-04
7.689960000000000655e-07,1.412852000000000004e-05,3.442660000000000002e-05,6.051300000000000152e-05,9.166200000000000432e-05,1.273170000000000009e-04,1.667019999999999906e-04,2.082079999999999825e-04,2.487119999999999999e-04,2.946520000000000107e-04
7.991019999999999514e-07,1.392776000000000131e-05,3.415220000000000143e-05,6.151100000000000111e-05,9.423840000000000222e-05,1.304586000000000049e-04,1.710104000000000051e-04,2.153260000000000319e-04,2.612880000000000367e-04,3.098619999999999955e-04
6.560340000000000364e-07,1.409233999999999830e-05,3.644979999999999786e-05,6.350820000000000293e-05,9.488640000000000008e-05,1.353693999999999850e-04,1.743823999999999993e-04,2.190880000000000139e-04,2.676040000000000081e-04,3.154280000000000300e-04
5.143959999999999959e-07,1.368510000000000048e-05,3.565799999999999639e-05,6.546219999999999134e-05,9.672880000000000128e-05,1.367948000000000070e-04,1.786188000000000185e-04,2.252340000000000190e-04,2.730019999999999994e-04,3.239000000000000126e-04
4.412099999999999651e-07,1.405775999999999837e-05,3.588299999999999509e-05,6.453879999999999947e-05,9.806319999999999989e-05,1.392719999999999906e-04,1.789728000000000087e-04,2.273019999999999999e-04,2.769760000000000126e-04,3.310119999999999946e-04
5.392719999999999336e-07,1.327298000000000179e-05,3.547480000000000126e-05,6.519880000000001009e-05,9.782679999999999653e-05,1.368270000000000098e-04,1.818834000000000076e-04,2.298359999999999997e-04,2.791340000000000010e-04,3.329079999999999778e-04
2.846080000000000032e-07,1.290166000000000109e-05,3.480619999999999889e-05,6.416220000000000040e-05,9.809359999999999879e-05,1.393859999999999967e-04,1.833175999999999946e-04,2.270579999999999799e-04,2.785479999999999901e-04,3.381699999999999962e-04
2.909759999999999713e-07,1.226168000000000014e-05,3.425100000000000123e-05,6.412279999999999532e-05,9.759919999999999891e-05,1.396749999999999934e-04,1.824565999999999905e-04,2.300100000000000018e-04,2.820419999999999807e-04,3.365579999999999852e-04
2.503620000000000286e-07,1.217429999999999963e-05,3.321720000000000445e-05,6.228340000000000070e-05,9.653999999999999387e-05,1.369470000000000019e-04,1.815808000000000081e-04,2.259440000000000038e-04,2.800980000000000006e-04,3.339360000000000093e-04
2.466859999999999896e-07,1.149629999999999867e-05,3.310959999999999891e-05,6.196019999999999675e-05,9.670719999999999458e-05,1.378549999999999871e-04,1.769587999999999836e-04,2.294300000000000310e-04,2.790760000000000094e-04,3.342899999999999995e-04
2.229340000000000029e-07,1.173975999999999956e-05,3.217819999999999627e-05,6.033719999999999551e-05,9.355180000000000104e-05,1.344902000000000087e-04,1.793354000000000042e-04,2.210980000000000031e-04,2.762959999999999852e-04,3.323579999999999915e-04
6.926020000000001029e-08,1.082784000000000101e-05,3.129519999999999812e-05,5.862140000000000764e-05,9.196099999999999587e-05,1.293819999999999888e-04,1.775029999999999978e-04,2.191820000000000031e-04,2.733480000000000263e-04,3.273260000000000167e-04
9.080499999999999817e-08,1.057686000000000092e-05,3.012699999999999802e-05,5.894020000000000194e-05,9.019700000000000395e-05,1.281637999999999875e-04,1.719125999999999912e-04,2.169780000000000222e-04,2.684320000000000347e-04,3.260260000000000393e-04
8.240319999999999768e-08,9.927739999999999243e-06,3.048500000000000374e-05,5.585119999999999137e-05,8.873060000000000051e-05,1.279631999999999948e-04,1.682801999999999952e-04,2.173340000000000168e-04,2.636979999999999815e-04,3.185099999999999845e-04
3.147220000000000305e-08,9.944159999999999333e-06,2.901999999999999998e-05,5.378840000000000156e-05,8.773979999999999637e-05,1.271854000000000105e-04,1.661390000000000165e-04,2.117619999999999962e-04,2.611579999999999956e-04,3.139199999999999760e-04
6.443679999999999900e-08,8.739919999999998815e-06,2.733559999999999964e-05,5.291739999999999584e-05,8.374600000000000761e-05,1.245540000000000004e-04,1.624618000000000036e-04,2.085579999999999910e-04,2.599899999999999824e-04,3.089960000000000211e-04
3.255620000000000138e-08,8.893400000000000266e-06,2.730479999999999987e-05,5.190720000000000338e-05,8.359919999999999743e-05,1.224006000000000085e-04,1.625056000000000048e-04,2.034200000000000006e-04,2.542980000000000240e-04,3.059380000000000107e-04
3.330380000000000074e-08,9.147440000000000971e-06,2.657219999999999946e-05,5.111180000000000080e-05,7.966859999999999816e-05,1.175034000000000039e-04,1.586516000000000109e-04,2.015979999999999899e-04,2.487400000000000071e-04,3.011499999999999746e-04
1.122241999999999939e-08,7.932779999999999966e-06,2.467400000000000127e-05,5.022480000000000065e-05,7.899819999999999184e-05,1.162155999999999991e-04,1.558894000000000122e-04,1.960296000000000044e-04,2.429199999999999849e-04,2.962440000000000320e-04
1.158931999999999985e-08,7.370740000000000686e-06,2.454319999999999907e-05,4.869979999999999746e-05,7.657100000000000939e-05,1.122983999999999886e-04,1.510102000000000200e-04,1.916404000000000024e-04,2.367439999999999952e-04,2.904860000000000103e-04
0.000000000000000000e+00,7.007659999999999581e-06,2.464399999999999986e-05,4.704119999999999949e-05,7.628239999999999999e-05,1.095001999999999922e-04,1.462144000000000074e-04,1.893631999999999965e-04,2.375239999999999708e-04,2.833380000000000035e-04
0.000000000000000000e+00,6.973280000000000090e-06,2.350819999999999966e-05,4.500520000000000068e-05,7.165620000000000691e-05,1.053743999999999850e-04,1.431428000000000214e-04,1.840230000000000099e-04,2.301519999999999879e-04,2.765619999999999992e-04
0.000000000000000000e+00,6.074640000000000508e-06,2.209799999999999747e-05,4.613080000000000224e-05,7.205320000000001006e-05,1.043163999999999962e-04,1.392703999999999871e-04,1.847944000000000073e-04,2.253340000000000215e-04,2.726800000000000252e-04
0.000000000000000000e+00,6.554700000000000110e-06,2.085920000000000181e-05,4.228720000000000401e-05,6.883419999999999903e-05,9.982740000000000580e-05,1.370545999999999939e-04,1.768030000000000079e-04,2.176059999999999898e-04,2.704879999999999893e-04
0.000000000000000000e+00,6.174119999999999596e-06,2.141560000000000211e-05,4.182280000000000215e-05,6.861280000000000146e-05,9.918200000000000009e-05,1.350578000000000065e-04,1.705636000000000012e-04,2.154459999999999969e-04,2.588360000000000270e-04
0.000000000000000000e+00,5.740039999999999510e-06,2.011599999999999849e-05,4.024220000000000580e-05,6.535199999999999365e-05,9.832960000000000127e-05,1.304144000000000028e-04,1.711174000000000093e-04,2.091900000000000215e-04,2.560320000000000044e-04
0.000000000000000000e+00,5.857059999999999959e-06,1.883441999999999847e-05,4.126700000000000317e-05,6.422079999999999336e-05,9.564460000000000919e-05,1.300486000000000003e-04,1.639446000000000024e-04,2.029559999999999860e-04,2.483239999999999623e-04
0.000000000000000000e+00,4.964840000000000563e-06,1.832698000000000118e-05,3.816799999999999777e-05,6.073220000000000105e-05,9.088760000000000035e-05,1.233193999999999903e-04,1.600801999999999857e-04,2.016220000000000154e-04,2.478819999999999960e-04
0.000000000000000000e+00,5.081260000000000542e-06,1.783160000000000051e-05,3.740839999999999915e-05,5.946059999999999784e-05,9.098800000000000366e-05,1.193953999999999919e-04,1.558556000000000058e-04,1.960518000000000124e-04,2.440520000000000005e-04
0.000000000000000000e+00,4.538519999999999535e-06,1.744178000000000159e-05,3.609040000000000262e-05,5.821119999999999588e-05,8.730199999999999863e-05,1.208433999999999957e-04,1.518547999999999881e-04,1.912657999999999806e-04,2.327119999999999905e-04
0.000000000000000000e+00,4.687139999999999816e-06,1.671059999999999888e-05,3.489400000000000168e-05,5.876420000000000227e-05,8.549880000000000208e-05,1.138645999999999940e-04,1.506369999999999877e-04,1.845102000000000211e-04,2.252400000000000051e-04
0.000000000000000000e+00,4.251100000000000684e-06,1.587444000000000111e-05,3.349939999999999982e-05,5.837540000000000356e-05,8.406059999999999270e-05,1.131753999999999871e-04,1.492300000000000061e-04,1.810071999999999972e-04,2.230559999999999867e-04
0.000000000000000000e+00,4.129500000000000019e-06,1.600420000000000171e-05,3.238519999999999615e-05,5.479539999999999379e-05,8.072340000000000711e-05,1.096948000000000123e-04,1.408881999999999973e-04,1.796004000000000025e-04,2.155039999999999885e-04
0.000000000000000000e+00,3.633200000000000214e-06,1.460216000000000115e-05,3.063039999999999730e-05,5.313500000000000541e-05,7.827480000000000483e-05,1.066978000000000002e-04,1.372799999999999867e-04,1.740223999999999959e-04,2.094760000000000252e-04
0.000000000000000000e+00,3.611240000000000089e-06,1.470018000000000060e-05,3.130459999999999840e-05,5.074879999999999767e-05,7.810860000000000632e-05,1.014710000000000048e-04,1.354262000000000011e-04,1.703945999999999965e-04,2.031380000000000056e-04
0.000000000000000000e+00,3.528560000000000145e-06,1.403737999999999908e-05,2.918199999999999944e-05,4.867200000000000427e-05,7.380239999999999663e-05,1.013097999999999901e-04,1.311357999999999990e-04,1.677008000000000123e-04,2.038200000000000103e-04
0.000000000000000000e+00,3.635280000000000031e-06,1.349610000000000111e-05,2.984019999999999934e-05,4.802099999999999983e-05,7.230900000000000175e-05,9.839160000000000169e-05,1.277539999999999969e-04,1.610814000000000126e-04,1.983670000000000203e-04
0.000000000000000000e+00,3.381880000000000475e-06,1.323998000000000059e-05,2.754119999999999645e-05,4.696160000000000113e-05,7.066979999999999887e-05,9.569940000000000738e-05,1.240265999999999960e-04,1.617699999999999911e-04,1.932713999999999873e-04
0.000000000000000000e+00,2.845139999999999919e-06,1.187253999999999966e-05,2.655899999999999762e-05,4.416999999999999892e-05,6.869179999999999850e-05,9.411239999999999699e-05,1.209993999999999854e-04,1.530748000000000070e-04,1.885347999999999961e-04
0.000000000000000000e+00,2.790059999999999931e-06,1.134328000000000060e-05,2.580419999999999597e-05,4.364700000000000410e-05,6.718600000000000353e-05,9.235719999999999726e-05,1.188503999999999895e-04,1.499132000000000134e-04,1.893890000000000124e-04
0.000000000000000000e+00,2.700560000000000195e-06,1.193082000000000074e-05,2.618679999999999803e-05,4.285760000000000112e-05,6.277920000000000364e-05,9.019319999999999562e-05,1.211595999999999978e-04,1.500353999999999967e-04,1.816892000000000019e-04
0.000000000000000000e+00,2.718579999999999982e-06,1.131802000000000044e-05,2.448520000000000064e-05,4.152939999999999578e-05,6.304219999999999757e-05,8.598579999999999928e-05,1.141557999999999955e-04,1.447115999999999919e-04,1.816537999999999920e-04
0.000000000000000000e+00,2.447939999999999724e-06,1.082042000000000033e-05,2.511759999999999817e-05,4.091040000000000052e-05,6.263800000000000574e-05,8.565979999999998918e-05,1.098099999999999939e-04,1.414483999999999924e-04,1.735932000000000035e-04
0.000000000000000000e+00,2.380099999999999879e-06,1.030202000000000034e-05,2.298220000000000165e-05,3.983899999999999584e-05,6.035580000000000242e-05,8.247060000000000285e-05,1.116097999999999965e-04,1.367564000000000041e-04,1.713410000000000117e-04
0.000000000000000000e+00,2.160179999999999958e-06,1.011411999999999999e-05,2.272239999999999780e-05,3.851920000000000214e-05,5.823060000000000454e-05,8.252000000000000275e-05,1.098220000000000066e-04,1.339420000000000129e-04,1.669048000000000016e-04
0.000000000000000000e+00,2.372539999999999988e-06,9.636879999999999456e-06,2.125860000000000006e-05,3.804219999999999976e-05,5.768640000000000388e-05,8.060700000000000937e-05,1.054109999999999840e-04,1.320977999999999942e-04,1.628827999999999917e-04
0.000000000000000000e+00,1.994668000000000110e-06,8.907359999999999367e-06,2.004519999999999910e-05,3.545659999999999524e-05,5.711720000000000263e-05,7.660580000000000438e-05,1.032869999999999887e-04,1.279134000000000076e-04,1.569352000000000149e-04
0.000000000000000000e+00,1.727049999999999838e-06,8.260260000000000090e-06,2.077680000000000070e-05,3.560100000000000016e-05,5.480420000000000631e-05,7.459260000000000814e-05,9.993440000000001003e-05,1.269498000000000089e-04,1.549396000000000031e-04
0.000000000000000000e+00,1.868281999999999894e-06,9.758519999999999532e-06,1.970412000000000135e-05,3.533860000000000077e-05,5.389059999999999527e-05,7.258040000000000054e-05,9.870180000000000425e-05,1.252993999999999950e-04,1.507141999999999944e-04
0.000000000000000000e+00,1.540537999999999894e-06,8.555459999999998552e-06,2.038480000000000175e-05,3.430179999999999742e-05,5.188319999999999819e-05,7.038859999999999215e-05,9.717960000000000042e-05,1.213776000000000015e-04,1.484508000000000051e-04
0.000000000000000000e+00,1.894254000000000016e-06,8.602400000000000850e-06,1.911576000000000144e-05,3.283200000000000007e-05,4.976000000000000469e-05,7.030320000000000818e-05,9.372839999999999525e-05,1.218670000000000040e-04,1.439349999999999831e-04
0.000000000000000000e+00,1.574360000000000077e-06,7.374339999999999262e-06,1.740091999999999941e-05,3.157719999999999982e-05,5.048820000000000223e-05,6.735880000000000296e-05,9.036340000000000290e-05,1.182102000000000088e-04,1.432394000000000028e-04
0.000000000000000000e+00,1.284999999999999979e-06,7.475300000000000240e-06,1.779161999999999890e-05,3.232459999999999880e-05,4.999040000000000167e-05,6.687439999999999791e-05,9.018920000000000040e-05,1.140036000000000006e-04,1.387071999999999990e-04
0.000000000000000000e+00,1.390498000000000015e-06,7.575279999999999578e-06,1.782640000000000266e-05,3.129559999999999899e-05,4.618999999999999652e-05,6.331060000000000333e-05,8.617200000000000098e-05,1.107462000000000003e-04,1.379041999999999866e-04
0.000000000000000000e+00,1.220379999999999867e-06,6.660540000000000269e-06,1.640976000000000058e-05,2.915460000000000035e-05,4.455160000000000218e-05,6.419320000000000061e-05,8.650239999999999362e-05,1.103657999999999929e-04,1.342588000000000028e-04
0.000000000000000000e+00,1.290970000000000025e-06,6.506560000000000262e-06,1.595202000000000046e-05,2.902040000000000086e-05,4.433240000000000265e-05,6.219419999999999484e-05,8.197060000000000424e-05,1.047713999999999910e-04,1.311565999999999904e-04
0.000000000000000000e+00,1.152497999999999922e-06,6.633799999999999064e-06,1.561042000000000020e-05,2.753299999999999880e-05,4.212640000000000378e-05,5.913519999999999584e-05,8.319479999999999161e-05,1.011912000000000011e-04,1.293647999999999782e-04
0.000000000000000000e+00,1.068965999999999965e-06,6.379419999999999985e-06,1.522366000000000020e-05,2.633840000000000180e-05,4.073679999999999933e-05,6.187619999999998874e-05,7.930639999999999001e-05,1.023712000000000000e-04,1.265572000000000019e-04
0.000000000000000000e+00,1.100070000000000083e-06,6.002700000000000143e-06,1.466665999999999859e-05,2.601419999999999904e-05,4.174359999999999789e-05,5.868459999999999714e-05,7.899160000000000448e-05,9.794840000000000566e-05,1.220291999999999937e-04
0.000000000000000000e+00,9.347400000000000705e-07,6.298260000000000071e-06,1.468480000000000211e-05,2.615059999999999659e-05,4.030559999999999574e-05,5.853479999999999393e-05,7.530600000000000033e-05,9.831340000000000641e-05,1.205746000000000161e-04
0.000000000000000000e+00,1.181927999999999994e-06,6.066040000000000285e-06,1.382891999999999871e-05,2.515500000000000226e-05,3.853260000000000441e-05,5.724620000000000088e-05,7.361660000000000935e-05,9.773120000000000375e-05,1.196728000000000039e-04
0.000000000000000000e+00,6.565759999999999628e-07,5.033280000000000029e-06,1.371116000000000071e-05,2.437440000000000163e-05,3.816139999999999685e-05,5.600040000000000004e-05,7.277279999999998873e-05,9.304859999999999542e-05,1.146825999999999987e-04
0.000000000000000000e+00,8.842660000000000647e-07,5.729979999999999644e-06,1.346831999999999915e-05,2.459979999999999781e-05,3.610000000000000334e-05,5.175979999999999866e-05,7.418699999999999969e-05,9.081819999999999726e-05,1.129585999999999996e-04
0.000000000000000000e+00,7.714120000000000522e-07,5.158259999999999975e-06,1.297067999999999793e-05,2.358460000000000116e-05,3.814580000000000330e-05,5.153780000000000654e-05,6.919859999999999846e-05,9.067099999999999975e-05,1.117463999999999979e-04
0.000000000000000000e+00,6.564180000000000483e-07,5.085499999999999845e-06,1.217582000000000093e-05,2.262940000000000055e-05,3.538960000000000418e-05,5.180380000000000027e-05,6.659740000000000039e-05,8.931260000000000273e-05,1.101046000000000029e-04
0.000000000000000000e+00,5.999100000000000296e-07,4.451999999999999896e-06,1.157223999999999849e-05,2.190039999999999787e-05,3.373879999999999620e-05,4.939139999999999606e-05,6.745499999999999706e-05,8.513540000000000484e-05,1.113276000000000012e-04
0.000000000000000000e+00,7.523200000000000027e-07,4.305859999999999462e-06,1.220507999999999970e-05,2.125279999999999750e-05,3.394019999999999736e-05,4.940760000000000448e-05,6.532899999999999742e-05,8.580240000000000371e-05,1.059203999999999896e-04
0.000000000000000000e+00,5.273539999999999191e-07,4.831880000000000569e-06,1.289120000000000119e-05,2.120500000000000111e-05,3.471200000000000240e-05,4.866379999999999984e-05,6.262420000000000259e-05,8.234700000000000288e-05,1.010221999999999965e-04
0.000000000000000000e+00,6.388840000000000185e-07,4.515319999999999486e-06,1.116124000000000022e-05,2.168779999999999927e-05,3.320400000000000261e-05,4.576799999999999955e-05,6.221520000000000023e-05,8.189640000000000418e-05,9.968199999999999869e-05
0.000000000000000000e+00,6.022840000000000216e-07,4.170780000000000240e-06,1.068345999999999918e-05,1.999250000000000213e-05,3.173099999999999825e-05,4.665059999999999682e-05,6.161760000000000446e-05,8.042919999999999898e-05,1.013721999999999914e-04
0.000000000000000000e+00,4.991960000000000186e-07,4.079839999999999719e-06,9.982820000000000078e-06,1.877246000000000085e-05,3.185659999999999583e-05,4.369940000000000380e-05,6.028200000000000322e-05,7.707480000000000277e-05,9.659059999999999640e-05
0.000000000000000000e+00,5.037319999999999740e-07,3.766480000000000147e-06,9.046680000000001279e-06,1.848052000000000174e-05,3.096379999999999651e-05,4.423679999999999632e-05,5.726699999999999906e-05,7.629580000000000227e-05,9.471879999999999850e-05
0.000000000000000000e+00,6.411919999999999886e-07,3.270920000000000440e-06,9.677840000000000162e-06,1.911348000000000119e-05,3.080679999999999785e-05,4.349339999999999934e-05,5.754640000000000861e-05,7.657640000000000768e-05,9.396660000000000255e-05
0.000000000000000000e+00,4.679179999999999684e-07,3.612100000000000111e-06,9.410160000000000719e-06,1.886602000000000000e-05,2.961979999999999718e-05,4.335099999999999880e-05,5.719420000000000206e-05,7.427540000000000379e-05,9.047159999999999621e-05
0.000000000000000000e+00,4.500339999999999653e-07,3.397480000000000377e-06,9.269279999999999791e-06,1.761716000000000193e-05,2.823260000000000138e-05,4.133199999999999662e-05,5.496979999999999672e-05,7.264880000000000144e-05,8.817600000000000416e-05
0.000000000000000000e+00,3.634600000000000001e-07,3.269100000000000176e-06,8.579460000000000355e-06,1.600466000000000001e-05,2.839419999999999997e-05,3.922300000000000038e-05,5.438600000000000411e-05,7.100159999999999458e-05,8.682539999999999713e-05
0.000000000000000000e+00,3.892659999999999865e-07,3.458520000000000135e-06,9.435820000000000063e-06,1.681012000000000161e-05,2.677060000000000081e-05,3.906159999999999884e-05,5.447920000000000518e-05,7.005799999999999907e-05,8.727200000000000062e-05
0.000000000000000000e+00,4.158540000000000126e-07,3.395920000000000090e-06,7.992319999999999400e-06,1.589271999999999918e-05,2.776460000000000180e-05,3.931580000000000057e-05,5.125420000000000133e-05,6.997139999999999892e-05,8.586719999999999672e-05
0.000000000000000000e+00,3.026380000000000131e-07,3.355800000000000125e-06,7.665779999999998965e-06,1.707968000000000043e-05,2.772639999999999935e-05,3.662700000000000016e-05,5.335499999999999314e-05,6.816979999999999232e-05,8.161820000000000403e-05
0.000000000000000000e+00,2.579940000000000006e-07,3.525419999999999867e-06,9.095740000000001110e-06,1.593326000000000269e-05,2.455600000000000003e-05,3.663559999999999869e-05,4.979340000000000339e-05,6.556040000000000337e-05,8.191620000000000693e-05
0.000000000000000000e+00,4.265620000000000314e-07,2.702520000000000088e-06,7.653219999999999546e-06,1.478750000000000030e-05,2.535759999999999927e-05,3.713440000000000143e-05,4.931720000000000277e-05,6.688320000000000365e-05,7.986840000000000259e-05
0.000000000000000000e+00,1.911548000000000091e-07,2.843920000000000124e-06,7.266659999999999981e-06,1.565229999999999920e-05,2.385020000000000079e-05,3.436639999999999677e-05,4.727619999999999978e-05,6.440719999999999551e-05,8.068360000000000115e-05
0.000000000000000000e+00,1.688094000000000081e-07,2.554280000000000132e-06,7.856579999999998900e-06,1.393008000000000097e-05,2.274959999999999984e-05,3.530599999999999705e-05,4.429740000000000045e-05,6.053780000000000169e-05,8.044600000000000871e-05
0.000000000000000000e+00,1.941639999999999908e-07,2.382120000000000157e-06,7.799879999999999934e-06,1.406821999999999996e-05,2.368899999999999969e-05,3.715419999999999742e-05,4.629440000000000183e-05,6.227499999999999583e-05,7.778579999999998970e-05
0.000000000000000000e+00,2.203460000000000065e-07,2.400720000000000284e-06,7.300920000000000395e-06,1.452562000000000002e-05,2.388819999999999941e-05,3.375960000000000115e-05,4.628319999999999760e-05,5.875639999999999872e-05,7.415860000000000518e-05
0.000000000000000000e+00,1.480941999999999868e-07,2.345339999999999639e-06,6.865819999999999259e-06,1.375736000000000036e-05,2.336299999999999976e-05,3.235479999999999726e-05,4.487779999999999916e-05,5.925439999999999971e-05,7.471819999999999894e-05
0.000000000000000000e+00,1.495799999999999934e-07,2.538340000000000163e-06,6.748260000000000845e-06,1.329572000000000016e-05,2.131320000000000119e-05,3.461019999999999602e-05,4.508779999999999884e-05,5.731820000000000290e-05,7.170960000000000203e-05
0.000000000000000000e+00,2.760359999999999712e-07,2.084580000000000208e-06,7.003440000000000831e-06,1.199638000000000118e-05,2.248839999999999970e-05,3.225359999999999897e-05,4.329680000000000193e-05,5.787960000000000739e-05,7.150419999999999888e-05
0.000000000000000000e+00,1.011571999999999947e-07,2.175779999999999860e-06,6.956959999999999372e-06,1.259993999999999883e-05,2.205980000000000180e-05,3.124299999999999885e-05,4.182159999999999952e-05,5.517960000000000275e-05,7.081300000000000116e-05
0.000000000000000000e+00,1.528124000000000006e-07,1.683467999999999812e-06,6.528060000000000819e-06,1.338720000000000118e-05,2.159960000000000238e-05,3.161800000000000119e-05,4.097759999999999879e-05,5.533060000000000181e-05,6.846540000000000351e-05
0.000000000000000000e+00,1.028860000000000122e-07,2.236279999999999958e-06,5.704859999999999959e-06,1.256662000000000065e-05,2.140479999999999876e-05,2.927139999999999896e-05,4.055679999999999767e-05,5.546199999999999855e-05,6.818200000000000551e-05
0.000000000000000000e+00,1.812246000000000146e-07,1.813380000000000161e-06,5.153899999999999901e-06,1.248345999999999889e-05,1.836414000000000202e-05,2.991039999999999742e-05,3.986179999999999840e-05,5.343799999999999896e-05,6.757000000000000528e-05
0.000000000000000000e+00,7.821439999999999659e-08,1.774983999999999928e-06,6.002859999999999477e-06,1.190215999999999990e-05,1.973387999999999952e-05,2.834640000000000019e-05,3.938120000000000168e-05,5.350040000000000026e-05,6.637600000000000282e-05
0.000000000000000000e+00,1.314381999999999997e-07,1.919440000000000040e-06,6.207519999999999988e-06,1.178121999999999966e-05,1.961872000000000043e-05,2.905959999999999872e-05,3.878999999999999961e-05,5.084179999999999830e-05,6.614579999999999950e-05
0.000000000000000000e+00,1.326004000000000046e-07,1.722270000000000029e-06,5.300319999999999594e-06,1.110358000000000017e-05,1.900166000000000198e-05,2.655400000000000360e-05,3.924659999999999792e-05,5.101399999999999641e-05,6.367779999999999534e-05
0.000000000000000000e+00,7.994540000000000064e-08,1.281767999999999914e-06,5.178539999999999889e-06,1.068053999999999990e-05,1.887384000000000156e-05,2.723560000000000060e-05,3.630920000000000127e-05,4.856840000000000072e-05,6.172419999999999426e-05
0.000000000000000000e+00,2.152919999999999932e-07,1.586380000000000048e-06,5.837139999999999817e-06,9.601000000000000064e-06,1.743069999999999898e-05,2.670899999999999788e-05,3.720339999999999688e-05,4.943840000000000425e-05,6.265220000000000977e-05
0.000000000000000000e+00,8.121060000000000326e-08,1.625526000000000020e-06,4.986640000000000083e-06,9.457040000000000514e-06,1.780579999999999815e-05,2.558459999999999896e-05,3.813039999999999664e-05,4.780119999999999899e-05,6.002619999999999121e-05
0.000000000000000000e+00,1.090953999999999937e-07,1.692892000000000122e-06,6.116820000000000162e-06,1.012943999999999936e-05,1.766185999999999830e-05,2.467779999999999944e-05,3.639499999999999967e-05,4.829200000000000452e-05,5.921059999999999854e-05
0.000000000000000000e+00,5.484900000000000364e-08,1.375135999999999907e-06,4.509499999999999769e-06,9.598059999999999377e-06,1.636138000000000089e-05,2.593699999999999917e-05,3.327080000000000001e-05,4.653200000000000104e-05,6.044779999999999408e-05
0.000000000000000000e+00,0.000000000000000000e+00,1.605985999999999992e-06,5.843159999999999973e-06,1.024928000000000057e-05,1.615099999999999834e-05,2.531640000000000040e-05,3.450979999999999949e-05,4.689719999999999544e-05,6.085940000000000213e-05
0.000000000000000000e+00,1.115180000000000064e-07,9.767860000000001546e-07,4.519160000000000452e-06,1.029497999999999914e-05,1.595802000000000006e-05,2.354619999999999828e-05,3.300499999999999994e-05,4.748680000000000078e-05,5.834099999999999589e-05
0.000000000000000000e+00,2.800540000000000340e-08,1.208456000000000005e-06,4.382639999999999598e-06,9.610539999999999976e-06,1.534149999999999872e-05,2.405039999999999931e-05,3.239940000000000018e-05,4.507320000000000071e-05,5.549220000000000378e-05
0.000000000000000000e+00,0.000000000000000000e+00,1.047071999999999968e-06,4.357579999999999875e-06,8.971380000000000492e-06,1.579186000000000096e-05,2.475939999999999879e-05,3.390299999999999710e-05,4.448439999999999713e-05,5.337120000000000156e-05
0.000000000000000000e+00,0.000000000000000000e+00,1.425353999999999940e-06,4.190320000000000057e-06,9.090699999999999207e-06,1.587448000000000052e-05,2.297319999999999885e-05,3.269040000000000129e-05,4.089719999999999868e-05,5.539819999999999418e-05
0.000000000000000000e+00,5.741439999999999563e-08,1.233444000000000070e-06,4.535320000000000142e-06,8.324160000000001291e-06,1.541263999999999818e-05,2.152640000000000112e-05,3.125380000000000221e-05,4.149859999999999601e-05,5.427319999999999394e-05
0.000000000000000000e+00,1.153720000000000090e-07,1.358188000000000065e-06,3.930439999999999929e-06,8.960999999999999416e-06,1.508512000000000034e-05,2.202419999999999828e-05,3.025740000000000273e-05,4.132399999999999940e-05,5.062899999999999925e-05
0.000000000000000000e+00,5.818020000000000636e-08,1.048077999999999997e-06,4.277119999999999802e-06,7.915940000000000988e-06,1.545302000000000066e-05,2.342660000000000030e-05,3.102239999999999626e-05,4.213420000000000056e-05,5.194239999999999925e-05
0.000000000000000000e+00,0.000000000000000000e+00,8.793620000000001155e-07,3.837980000000000649e-06,8.937120000000000925e-06,1.432872000000000196e-05,2.074439999999999742e-05,3.038519999999999836e-05,4.116959999999999966e-05,4.849059999999999953e-05
0.000000000000000000e+00,2.951320000000000185e-08,7.672319999999999711e-07,4.071000000000000494e-06,7.611279999999998894e-06,1.339276000000000050e-05,2.038199999999999900e-05,3.053140000000000384e-05,4.115019999999999778e-05,4.899739999999999949e-05
0.000000000000000000e+00,2.974080000000000053e-08,1.098455999999999999e-06,3.267499999999999632e-06,8.109139999999999410e-06,1.303869999999999935e-05,2.016719999999999895e-05,2.874959999999999660e-05,3.846300000000000088e-05,5.126199999999999811e-05
0.000000000000000000e+00,2.983540000000000391e-08,1.136483999999999816e-06,3.558939999999999759e-06,7.594060000000000438e-06,1.330312000000000114e-05,2.035999999999999819e-05,3.019879999999999960e-05,3.821499999999999919e-05,4.930539999999999722e-05
0.000000000000000000e+00,3.014279999999999645e-08,1.113850000000000144e-06,3.491579999999999611e-06,8.307939999999999946e-06,1.275998000000000010e-05,2.010800000000000128e-05,2.814440000000000111e-05,3.825360000000000251e-05,4.999259999999999972e-05
0.000000000000000000e+00,0.000000000000000000e+00,7.878879999999999940e-07,2.939359999999999925e-06,7.150759999999999956e-06,1.254403999999999993e-05,1.981737999999999965e-05,2.802719999999999824e-05,3.815100000000000115e-05,4.959959999999999857e-05
0.000000000000000000e+00,0.000000000000000000e+00,7.929299999999999409e-07,3.171700000000000058e-06,6.954479999999999524e-06,1.262731999999999992e-05,2.028360000000000007e-05,2.668879999999999763e-05,3.632540000000000291e-05,4.669860000000000043e-05
0.000000000000000000e+00,0.000000000000000000e+00,8.286720000000000765e-07,2.823519999999999862e-06,7.459699999999999068e-06,1.270986000000000065e-05,1.933947999999999868e-05,2.636940000000000201e-05,3.560919999999999781e-05,4.580620000000000199e-05
0.000000000000000000e+00,0.000000000000000000e+00,7.416319999999999536e-07,3.214359999999999833e-06,6.273140000000000386e-06,1.177280000000000018e-05,1.776657999999999889e-05,2.793159999999999868e-05,3.606079999999999870e-05,4.390959999999999715e-05
0.000000000000000000e+00,0.000000000000000000e+00,8.087160000000001062e-07,3.047380000000000120e-06,6.187999999999999877e-06,1.203655999999999983e-05,1.859752000000000079e-05,2.609080000000000099e-05,3.591879999999999905e-05,4.615160000000000041e-05
0.000000000000000000e+00,0.000000000000000000e+00,1.095668000000000120e-06,2.754400000000000259e-06,5.791120000000000044e-06,1.145569999999999943e-05,1.771727999999999921e-05,2.644859999999999949e-05,3.467859999999999693e-05,4.651159999999999697e-05
0.000000000000000000e+00,0.000000000000000000e+00,7.562000000000000613e-07,3.024020000000000314e-06,6.173759999999999823e-06,1.159278000000000050e-05,1.612857999999999864e-05,2.460279999999999761e-05,3.206419999999999702e-05,4.447259999999999836e-05
0.000000000000000000e+00,0.000000000000000000e+00,7.605879999999999547e-07,3.042599999999999888e-06,6.498680000000000433e-06,1.154054000000000013e-05,1.664183999999999989e-05,2.374299999999999951e-05,3.262019999999999644e-05,4.536019999999999983e-05
0.000000000000000000e+00,0.000000000000000000e+00,5.102979999999999548e-07,2.072700000000000077e-06,5.933799999999999837e-06,1.110160000000000057e-05,1.649094000000000105e-05,2.446640000000000007e-05,3.378220000000000327e-05,4.264859999999999685e-05
0.000000000000000000e+00,0.000000000000000000e+00,7.061839999999999925e-07,2.632039999999999791e-06,6.965380000000000555e-06,1.052784000000000049e-05,1.771901999999999896e-05,2.449219999999999905e-05,3.132959999999999901e-05,4.121579999999999932e-05
0.000000000000000000e+00,0.000000000000000000e+00,7.432319999999999679e-07,2.778440000000000202e-06,6.523319999999999573e-06,9.624639999999998706e-06,1.689342000000000130e-05,2.364219999999999871e-05,3.074640000000000093e-05,4.047160000000000059e-05
0.000000000000000000e+00,0.000000000000000000e+00,4.226379999999999759e-07,2.437000000000000130e-06,5.882079999999999424e-06,1.150348000000000120e-05,1.598953999999999938e-05,2.298040000000000109e-05,3.149120000000000098e-05,4.075400000000000317e-05
0.000000000000000000e+00,0.000000000000000000e+00,6.212860000000000220e-07,2.648480000000000009e-06,6.180080000000000637e-06,1.066055999999999979e-05,1.399475999999999914e-05,2.370660000000000101e-05,3.083600000000000089e-05,4.015620000000000018e-05
0.000000000000000000e+00,0.000000000000000000e+00,6.252820000000000003e-07,2.994300000000000283e-06,5.460419999999999975e-06,9.999540000000000826e-06,1.612096000000000091e-05,2.125420000000000057e-05,3.049619999999999780e-05,3.967819999999999561e-05
0.000000000000000000e+00,0.000000000000000000e+00,7.282499999999999731e-07,1.919905999999999775e-06,5.361440000000000289e-06,9.795959999999999634e-06,1.741144000000000011e-05,2.293639999999999947e-05,2.906139999999999928e-05,4.064419999999999958e-05
0.000000000000000000e+00,0.000000000000000000e+00,3.328500000000000192e-07,2.463759999999999769e-06,5.461600000000000360e-06,8.825140000000000686e-06,1.548228000000000112e-05,2.187439999999999846e-05,3.010280000000000255e-05,3.929259999999999714e-05
0.000000000000000000e+00,0.000000000000000000e+00,4.020940000000000270e-07,2.345080000000000085e-06,5.426419999999999962e-06,9.278140000000001261e-06,1.457234000000000048e-05,2.093720000000000005e-05,2.867320000000000188e-05,3.735299999999999965e-05
0.000000000000000000e+00,0.000000000000000000e+00,4.718379999999999665e-07,2.426959999999999969e-06,5.156199999999999862e-06,9.166100000000000213e-06,1.304211999999999974e-05,2.072359999999999925e-05,2.840840000000000062e-05,3.717039999999999906e-05
0.000000000000000000e+00,0.000000000000000000e+00,6.440459999999999955e-07,1.999891999999999893e-06,5.321820000000000150e-06,9.696299999999998965e-06,1.362797999999999924e-05,1.989927999999999966e-05,2.776259999999999741e-05,3.559739999999999904e-05
0.000000000000000000e+00,0.000000000000000000e+00,4.432919999999999966e-07,2.386559999999999898e-06,5.421420000000000010e-06,8.831659999999999397e-06,1.463016000000000156e-05,1.974285999999999752e-05,2.721159999999999879e-05,3.512320000000000280e-05
0.000000000000000000e+00,0.000000000000000000e+00,4.117279999999999927e-07,2.366179999999999765e-06,5.383259999999999514e-06,7.957340000000000287e-06,1.344447999999999837e-05,1.951778000000000001e-05,2.702799999999999601e-05,3.636140000000000054e-05
0.000000000000000000e+00,0.000000000000000000e+00,4.824620000000000489e-07,1.483422000000000033e-06,4.485280000000000363e-06,8.520480000000001133e-06,1.321390000000000066e-05,1.994036000000000029e-05,2.608020000000000146e-05,3.712480000000000071e-05
0.000000000000000000e+00,0.000000000000000000e+00,4.855100000000000111e-07,1.700662000000000091e-06,4.127660000000000050e-06,7.493739999999999339e-06,1.374029999999999955e-05,1.936331999999999946e-05,2.630160000000000242e-05,3.581000000000000443e-05
0.000000000000000000e+00,0.000000000000000000e+00,5.931999999999999914e-07,2.198319999999999901e-06,4.257680000000000205e-06,8.062540000000000567e-06,1.301774000000000015e-05,1.894921999999999948e-05,2.526840000000000019e-05,3.517640000000000426e-05
0.000000000000000000e+00,0.000000000000000000e+00,7.715640000000000128e-07,1.545125999999999909e-06,5.088719999999999790e-06,7.230719999999999780e-06,1.259980000000000090e-05,1.884584000000000115e-05,2.548200000000000099e-05,3.243299999999999932e-05
0.000000000000000000e+00,0.000000000000000000e+00,5.646099999999999187e-07,1.764765999999999935e-06,4.836500000000000196e-06,9.038499999999999944e-06,1.309574000000000008e-05,1.828565999999999731e-05,2.562479999999999901e-05,3.307400000000000216e-05
0.000000000000000000e+00,0.000000000000000000e+00,3.193880000000000010e-07,1.561519999999999917e-06,4.294900000000000163e-06,6.814820000000000086e-06,1.189147999999999986e-05,1.852938000000000114e-05,2.517079999999999963e-05,3.400700000000000153e-05
0.000000000000000000e+00,0.000000000000000000e+00,4.996999999999999548e-07,1.784939999999999888e-06,3.962559999999999717e-06,8.174179999999999044e-06,1.142465999999999981e-05,1.927933999999999963e-05,2.416920000000000231e-05,3.238100000000000049e-05
0.000000000000000000e+00,0.000000000000000000e+00,4.305980000000000022e-07,1.615271999999999881e-06,3.949059999999999761e-06,8.292199999999999991e-06,1.285115999999999878e-05,1.762678000000000066e-05,2.315640000000000076e-05,3.191399999999999971e-05
0.000000000000000000e+00,0.000000000000000000e+00,3.249299999999999853e-07,1.480335999999999975e-06,4.585479999999999844e-06,7.942700000000001051e-06,1.072056000000000091e-05,1.761779999999999927e-05,2.364499999999999808e-05,2.938659999999999745e-05
0.000000000000000000e+00,0.000000000000000000e+00,4.720279999999999702e-07,1.125676000000000054e-06,4.464359999999999723e-06,7.550239999999999560e-06,1.237866000000000118e-05,1.764287999999999870e-05,2.512020000000000049e-05,3.128820000000000310e-05
0.000000000000000000e+00,0.000000000000000000e+00,3.284800000000000403e-07,1.313951999999999986e-06,3.139779999999999863e-06,8.066619999999999688e-06,1.087737999999999884e-05,1.638711999999999905e-05,2.153580000000000140e-05,3.167960000000000074e-05
0.000000000000000000e+00,0.000000000000000000e+00,1.834532000000000059e-07,1.797706000000000123e-06,3.926180000000000075e-06,6.789720000000000106e-06,1.207549999999999984e-05,1.519405999999999967e-05,2.227679999999999989e-05,3.012939999999999989e-05
0.000000000000000000e+00,0.000000000000000000e+00,2.949700000000000003e-07,1.550144000000000146e-06,3.579619999999999704e-06,7.527119999999999178e-06,1.011006000000000057e-05,1.756349999999999879e-05,2.280459999999999847e-05,2.929700000000000427e-05
0.000000000000000000e+00,0.000000000000000000e+00,4.086199999999999625e-07,1.818262000000000033e-06,3.821240000000000196e-06,6.973220000000000975e-06,1.109349999999999975e-05,1.635999999999999922e-05,2.118579999999999967e-05,2.863899999999999804e-05
0.000000000000000000e+00,0.000000000000000000e+00,3.730320000000000014e-07,1.753313999999999973e-06,3.543840000000000107e-06,6.863920000000000175e-06,1.014508000000000079e-05,1.588823999999999749e-05,2.290280000000000034e-05,2.846120000000000120e-05
0.000000000000000000e+00,0.000000000000000000e+00,3.749419999999999967e-07,1.499729999999999997e-06,3.562639999999999825e-06,6.336879999999999712e-06,1.110048000000000015e-05,1.484950000000000072e-05,2.024960000000000006e-05,2.771220000000000210e-05
0.000000000000000000e+00,0.000000000000000000e+00,2.639700000000000006e-07,1.470426000000000014e-06,2.903319999999999928e-06,5.693460000000000373e-06,1.059270000000000109e-05,1.715407999999999755e-05,2.190060000000000170e-05,2.782379999999999947e-05
0.000000000000000000e+00,0.000000000000000000e+00,3.032140000000000310e-07,1.477284000000000008e-06,3.296640000000000170e-06,7.012080000000000464e-06,1.011982000000000063e-05,1.478087999999999967e-05,2.126380000000000129e-05,2.781859999999999823e-05
0.000000000000000000e+00,0.000000000000000000e+00,7.619620000000000040e-08,1.181197999999999960e-06,2.857440000000000208e-06,7.314339999999999836e-06,1.139225999999999992e-05,1.485983999999999900e-05,2.141139999999999968e-05,2.514559999999999858e-05
0.000000000000000000e+00,0.000000000000000000e+00,1.915749999999999933e-07,1.072368000000000064e-06,2.642820000000000050e-06,6.893699999999999744e-06,1.014905999999999969e-05,1.539516000000000186e-05,2.079820000000000019e-05,2.810979999999999978e-05
0.000000000000000000e+00,0.000000000000000000e+00,1.924037999999999960e-07,1.308571999999999920e-06,2.926639999999999901e-06,6.043499999999999820e-06,1.001008000000000124e-05,1.451628000000000055e-05,1.978828000000000021e-05,2.702359999999999992e-05
0.000000000000000000e+00,0.000000000000000000e+00,1.546178000000000043e-07,1.083859999999999860e-06,3.056200000000000063e-06,5.845759999999999745e-06,1.048696000000000030e-05,1.319777999999999953e-05,2.027740000000000003e-05,2.743919999999999980e-05
0.000000000000000000e+00,0.000000000000000000e+00,2.724619999999999949e-07,1.049977999999999928e-06,2.723600000000000063e-06,5.834700000000000227e-06,1.038763999999999970e-05,1.486056000000000024e-05,1.863249999999999821e-05,2.489699999999999897e-05
0.000000000000000000e+00,0.000000000000000000e+00,3.125820000000000127e-07,1.289774000000000045e-06,2.931880000000000125e-06,5.474619999999999771e-06,9.305759999999998805e-06,1.415451999999999946e-05,2.005860000000000138e-05,2.365400000000000087e-05
0.000000000000000000e+00,0.000000000000000000e+00,1.179194000000000070e-07,1.493403999999999864e-06,2.947579999999999822e-06,6.406220000000000305e-06,9.903520000000000685e-06,1.414640000000000062e-05,1.851079999999999902e-05,2.621100000000000028e-05
0.000000000000000000e+00,0.000000000000000000e+00,1.975562000000000098e-07,9.877740000000000145e-07,3.435280000000000252e-06,5.767400000000000041e-06,8.335439999999999259e-06,1.374454000000000139e-05,1.908040000000000116e-05,2.524079999999999727e-05
0.000000000000000000e+00,0.000000000000000000e+00,1.588576000000000103e-07,1.111614000000000043e-06,2.977220000000000186e-06,4.646099999999999444e-06,8.734260000000000973e-06,1.202904000000000062e-05,1.818162000000000025e-05,2.389960000000000069e-05
0.000000000000000000e+00,0.000000000000000000e+00,7.978640000000000564e-08,1.157175999999999879e-06,2.474020000000000074e-06,6.026180000000000298e-06,7.460580000000000490e-06,1.332617999999999986e-05,1.915064000000000203e-05,2.374079999999999808e-05
0.000000000000000000e+00,0.000000000000000000e+00,2.804560000000000068e-07,1.082681999999999954e-06,2.325500000000000012e-06,5.132739999999999413e-06,7.098439999999999074e-06,1.319157999999999949e-05,1.712136000000000238e-05,2.478060000000000123e-05
0.000000000000000000e+00,0.000000000000000000e+00,1.210356000000000042e-07,1.047490000000000071e-06,2.901780000000000193e-06,4.755599999999999835e-06,9.148459999999999481e-06,1.152507999999999944e-05,1.688485999999999880e-05,2.333280000000000130e-05
0.000000000000000000e+00,0.000000000000000000e+00,8.101219999999999535e-08,1.295822000000000127e-06,2.389459999999999904e-06,4.415039999999999491e-06,8.099320000000000239e-06,1.356767999999999916e-05,1.737420000000000045e-05,2.284019999999999860e-05
0.000000000000000000e+00,0.000000000000000000e+00,1.628974000000000012e-07,9.354480000000000263e-07,2.563539999999999938e-06,5.127219999999999506e-06,9.441400000000000779e-06,1.200509999999999963e-05,1.799029999999999952e-05,2.405479999999999880e-05
0.000000000000000000e+00,0.000000000000000000e+00,2.045160000000000031e-07,1.063495999999999956e-06,2.617780000000000032e-06,5.685040000000000037e-06,7.934059999999999724e-06,1.271877999999999954e-05,1.734112000000000042e-05,2.212720000000000051e-05
0.000000000000000000e+00,0.000000000000000000e+00,1.231597999999999882e-07,9.448119999999999505e-07,2.342320000000000132e-06,4.479480000000000351e-06,8.261279999999998600e-06,1.306939999999999891e-05,1.681059999999999792e-05,2.285180000000000032e-05
0.000000000000000000e+00,0.000000000000000000e+00,2.064060000000000021e-07,6.606240000000000001e-07,2.767180000000000245e-06,4.625339999999999832e-06,7.764419999999999430e-06,1.156326000000000048e-05,1.759415999999999893e-05,2.325200000000000032e-05
0.000000000000000000e+00,0.000000000000000000e+00,4.149720000000000183e-08,5.811939999999999830e-07,2.241079999999999895e-06,4.564240000000000536e-06,7.636499999999998798e-06,1.190963999999999970e-05,1.576964000000000171e-05,2.104199999999999945e-05
0.000000000000000000e+00,0.000000000000000000e+00,1.249500000000000171e-07,8.759180000000000220e-07,2.585259999999999791e-06,4.919720000000000222e-06,7.298019999999999966e-06,1.163385999999999944e-05,1.755662000000000200e-05,1.993290000000000019e-05
0.000000000000000000e+00,0.000000000000000000e+00,1.256637999999999953e-07,7.123659999999999614e-07,2.723760000000000244e-06,4.106520000000000114e-06,6.914520000000000165e-06,1.173135999999999977e-05,1.432918000000000025e-05,2.162100000000000187e-05
0.000000000000000000e+00,0.000000000000000000e+00,0.000000000000000000e+00,6.312379999999999777e-07,2.652279999999999871e-06,4.040999999999999935e-06,7.704300000000000080e-06,1.081868000000000058e-05,1.608274000000000045e-05,2.176659999999999926e-05
0.000000000000000000e+00,0.000000000000000000e+00,4.222959999999999984e-08,8.461840000000000285e-07,3.045280000000000174e-06,4.652819999999999440e-06,6.896840000000000022e-06,9.560320000000000311e-06,1.708830000000000036e-05,1.966900000000000091e-05
0.000000000000000000e+00,0.000000000000000000e+00,8.513940000000000070e-08,5.104219999999999896e-07,1.997773999999999874e-06,4.673839999999999452e-06,7.522520000000000103e-06,1.194212000000000011e-05,1.631941999999999968e-05,2.074000000000000133e-05
0.000000000000000000e+00,0.000000000000000000e+00,1.281061999999999802e-07,7.260880000000000098e-07,1.451778000000000045e-06,4.994899999999999391e-06,7.387159999999999929e-06,1.148572000000000055e-05,1.596863999999999760e-05,1.989753999999999991e-05
0.000000000000000000e+00,0.000000000000000000e+00,0.000000000000000000e+00,1.029355999999999890e-06,1.844331999999999895e-06,4.804840000000000401e-06,6.220080000000000254e-06,1.008068000000000019e-05,1.681438000000000146e-05,2.067800000000000090e-05
0.000000000000000000e+00,0.000000000000000000e+00,8.614859999999999097e-08,1.034153999999999984e-06,2.542559999999999760e-06,3.922599999999999510e-06,6.637300000000000810e-06,1.120638000000000027e-05,1.435025999999999938e-05,1.943867999999999936e-05
0.000000000000000000e+00,0.000000000000000000e+00,4.326340000000000344e-08,9.092639999999999819e-07,2.165480000000000145e-06,3.852940000000000248e-06,7.491620000000000111e-06,1.177673999999999967e-05,1.415894000000000203e-05,1.844357999999999935e-05
0.000000000000000000e+00,0.000000000000000000e+00,8.704079999999999415e-08,7.394260000000000462e-07,2.262079999999999779e-06,3.783460000000000025e-06,6.612420000000000126e-06,1.148540000000000018e-05,1.474459999999999940e-05,1.944442000000000110e-05
0.000000000000000000e+00,0.000000000000000000e+00,4.363999999999999902e-08,8.300440000000000441e-07,2.316319999999999873e-06,4.151720000000000121e-06,6.599639999999999717e-06,1.022644000000000030e-05,1.455242000000000119e-05,1.874790000000000053e-05
0.000000000000000000e+00,0.000000000000000000e+00,8.765439999999999377e-08,8.341639999999999513e-07,1.931571999999999927e-06,3.995360000000000487e-06,5.838739999999999938e-06,1.023085999999999949e-05,1.431349999999999941e-05,1.799961999999999759e-05
0.000000000000000000e+00,0.000000000000000000e+00,4.412679999999999779e-08,6.613439999999999695e-07,1.764288000000000082e-06,4.409820000000000242e-06,7.232280000000000490e-06,1.009928000000000031e-05,1.596350000000000056e-05,1.834674000000000114e-05
0.000000000000000000e+00,0.000000000000000000e+00,0.000000000000000000e+00,1.019068000000000083e-06,1.683955999999999942e-06,3.278119999999999710e-06,6.335739999999999584e-06,9.081579999999999877e-06,1.470652000000000027e-05,1.882709999999999801e-05
0.000000000000000000e+00,0.000000000000000000e+00,1.334209999999999875e-07,5.340020000000000459e-07,1.780190000000000061e-06,4.138779999999999530e-06,6.051520000000000126e-06,9.078939999999999848e-06,1.348410000000000021e-05,1.802144000000000274e-05
0.000000000000000000e+00,0.000000000000000000e+00,1.341363999999999993e-07,6.704180000000000413e-07,1.699297999999999921e-06,3.755239999999999896e-06,5.453260000000000538e-06,8.269079999999998763e-06,1.197927999999999926e-05,1.720829999999999921e-05
0.000000000000000000e+00,0.000000000000000000e+00,4.488480000000000366e-08,8.535619999999999772e-07,1.572223999999999984e-06,3.772079999999999721e-06,5.748780000000000209e-06,9.607899999999999947e-06,1.405156000000000002e-05,1.809457999999999981e-05
0.000000000000000000e+00,0.000000000000000000e+00,9.012959999999999201e-08,4.961899999999999452e-07,1.668779999999999886e-06,3.652940000000000045e-06,6.404760000000000661e-06,9.968680000000000244e-06,1.407116000000000065e-05,1.709263999999999903e-05
0.000000000000000000e+00,0.000000000000000000e+00,9.058399999999999904e-08,6.341160000000000118e-07,1.856813999999999914e-06,4.393299999999999933e-06,5.662339999999999390e-06,9.828379999999999232e-06,1.304668000000000025e-05,1.748651999999999737e-05
0.000000000000000000e+00,0.000000000000000000e+00,0.000000000000000000e+00,4.551199999999999620e-07,1.456469999999999965e-06,3.548799999999999802e-06,6.187580000000000142e-06,9.190260000000001351e-06,1.273945999999999949e-05,1.842565999999999936e-05
0.000000000000000000e+00,0.000000000000000000e+00,4.575899999999999966e-08,6.398139999999999613e-07,1.828280000000000222e-06,2.878900000000000083e-06,6.305380000000000098e-06,9.915740000000000036e-06,1.220114000000000021e-05,1.718366000000000007e-05
0.000000000000000000e+00,0.000000000000000000e+00,4.597719999999999959e-08,6.428899999999999552e-07,2.295740000000000148e-06,4.820700000000000279e-06,6.012539999999999866e-06,9.912659999999999720e-06,1.303481999999999898e-05,1.592778000000000219e-05
0.000000000000000000e+00,0.000000000000000000e+00,9.220900000000000201e-08,4.149120000000000032e-07,1.429321999999999992e-06,4.103060000000000320e-06,5.671559999999999787e-06,8.344620000000001092e-06,1.235346000000000014e-05,1.613408000000000054e-05
0.000000000000000000e+00,0.000000000000000000e+00,0.000000000000000000e+00,6.018060000000000619e-07,1.620624000000000020e-06,3.982139999999999790e-06,5.695819999999999449e-06,8.889720000000000328e-06,1.268629999999999914e-05,1.583444000000000149e-05
0.000000000000000000e+00,0.000000000000000000e+00,0.000000000000000000e+00,4.649099999999999987e-07,1.255508000000000101e-06,3.208279999999999715e-06,4.882659999999999598e-06,9.484220000000001159e-06,1.213584000000000102e-05,1.594875999999999941e-05
0.000000000000000000e+00,0.000000000000000000e+00,0.000000000000000000e+00,4.667880000000000106e-07,1.961834000000000096e-06,3.128259999999999929e-06,5.323640000000000414e-06,9.153820000000000053e-06,1.312351999999999865e-05,1.853974000000000081e-05
0.000000000000000000e+00,0.000000000000000000e+00,0.000000000000000000e+00,3.748339999999999801e-07,1.313305999999999941e-06,3.235640000000000246e-06,5.158700000000000262e-06,7.926440000000000295e-06,1.271039999999999947e-05,1.575697999999999698e-05
0.000000000000000000e+00,0.000000000000000000e+00,0.000000000000000000e+00,4.707819999999999867e-07,1.082980000000000133e-06,2.872999999999999852e-06,5.605579999999999615e-06,9.889679999999999814e-06,1.219860000000000040e-05,1.596527999999999972e-05
0.000000000000000000e+00,0.000000000000000000e+00,4.728639999999999917e-08,2.836619999999999893e-07,1.656044000000000055e-06,3.831139999999999881e-06,4.776820000000000286e-06,8.940299999999999766e-06,1.182543999999999973e-05,1.494506000000000087e-05
0.000000000000000000e+00,0.000000000000000000e+00,0.000000000000000000e+00,4.272619999999999781e-07,1.139886000000000126e-06,2.945260000000000156e-06,5.701599999999999756e-06,7.553199999999999952e-06,1.272822000000000093e-05,1.596023999999999951e-05
0.000000000000000000e+00,0.000000000000000000e+00,0.000000000000000000e+00,4.290919999999999886e-07,1.096889999999999971e-06,2.718520000000000020e-06,4.292979999999999680e-06,8.013700000000000879e-06,1.144739999999999987e-05,1.588403999999999844e-05
0.000000000000000000e+00,0.000000000000000000e+00,0.000000000000000000e+00,5.268999999999999866e-07,1.389859999999999980e-06,3.496240000000000343e-06,4.790720000000000271e-06,7.232760000000000187e-06,1.130368000000000017e-05,1.499242000000000206e-05
0.000000000000000000e+00,0.000000000000000000e+00,0.000000000000000000e+00,3.367459999999999900e-07,1.010448000000000155e-06,3.078979999999999953e-06,5.147379999999999496e-06,6.879240000000000394e-06,1.067905999999999970e-05,1.529587999999999898e-05
0.000000000000000000e+00,0.000000000000000000e+00,0.000000000000000000e+00,6.762959999999999832e-07,8.208420000000000389e-07,3.091359999999999909e-06,4.733479999999999952e-06,7.245480000000000635e-06,1.192955999999999899e-05,1.400673999999999864e-05
0.000000000000000000e+00,0.000000000000000000e+00,0.000000000000000000e+00,2.423620000000000099e-07,1.309314000000000073e-06,2.328160000000000169e-06,4.995319999999999973e-06,6.644419999999999142e-06,9.846299999999999223e-06,1.377390000000000038e-05
0.000000000000000000e+00,0.000000000000000000e+00,0.000000000000000000e+00,6.817959999999999729e-07,1.217680000000000088e-06,2.581659999999999944e-06,4.578379999999999523e-06,7.352979999999999182e-06,1.042148000000000038e-05,1.358877999999999969e-05
0.000000000000000000e+00,0.000000000000000000e+00,0.000000000000000000e+00,2.933040000000000170e-07,1.271521999999999995e-06,2.982919999999999979e-06,4.499959999999999857e-06,7.334379999999999902e-06,1.159046000000000083e-05,1.369179999999999993e-05
0.000000000000000000e+00,0.000000000000000000e+00,4.903299999999999973e-08,2.943619999999999991e-07,1.718957999999999874e-06,2.258479999999999932e-06,4.369340000000000081e-06,8.394339999999999661e-06,1.138949999999999997e-05,1.424019999999999793e-05
0.000000000000000000e+00,0.000000000000000000e+00,0.000000000000000000e+00,2.464479999999999844e-07,1.726391999999999886e-06,2.021259999999999770e-06,4.436800000000000448e-06,6.852739999999999885e-06,1.089552000000000067e-05,1.390381999999999862e-05
0.000000000000000000e+00,0.000000000000000000e+00,0.000000000000000000e+00,3.960160000000000172e-07,8.910720000000000000e-07,2.722479999999999640e-06,5.196960000000000129e-06,8.068019999999999370e-06,1.178051999999999982e-05,1.415697999999999875e-05
0.000000000000000000e+00,0.000000000000000000e+00,0.000000000000000000e+00,2.981660000000000244e-07,1.093435999999999919e-06,2.832400000000000190e-06,5.118480000000000501e-06,7.752760000000000291e-06,9.890420000000000759e-06,1.346831999999999915e-05
0.000000000000000000e+00,0.000000000000000000e+00,0.000000000000000000e+00,3.994819999999999769e-07,1.197542000000000070e-06,1.946009999999999940e-06,4.241420000000000296e-06,6.186399999999999756e-06,9.280920000000000920e-06,1.387118000000000057e-05
0.000000000000000000e+00,0.000000000000000000e+00,0.000000000000000000e+00,4.507640000000000519e-07,1.252557999999999985e-06,2.504540000000000164e-06,3.806779999999999999e-06,6.964119999999999656e-06,1.037044000000000095e-05,1.277592000000000049e-05
0.000000000000000000e+00,0.000000000000000000e+00,0.000000000000000000e+00,1.004726000000000073e-07,1.459253999999999946e-06,2.615199999999999966e-06,3.572359999999999624e-06,7.947320000000000678e-06,1.041231999999999995e-05,1.232373999999999968e-05
0.000000000000000000e+00,0.000000000000000000e+00,0.000000000000000000e+00,2.019420000000000225e-07,8.586080000000000344e-07,2.576080000000000076e-06,4.747120000000000384e-06,7.220959999999999724e-06,8.888479999999999981e-06,1.222014000000000122e-05
0.000000000000000000e+00,0.000000000000000000e+00,0.000000000000000000e+00,1.520572000000000072e-07,1.165953999999999933e-06,2.179900000000000084e-06,4.259279999999999478e-06,6.084620000000000707e-06,1.024080000000000027e-05,1.236886000000000002e-05
0.000000000000000000e+00,0.000000000000000000e+00,0.000000000000000000e+00,3.563800000000000188e-07,1.018462000000000084e-06,2.749279999999999959e-06,4.784300000000000086e-06,6.821559999999999787e-06,9.517319999999999198e-06,1.323347999999999989e-05
0.000000000000000000e+00,0.000000000000000000e+00,0.000000000000000000e+00,4.089739999999999933e-07,9.711639999999999737e-07,1.737694000000000155e-06,4.037899999999999914e-06,6.132399999999999935e-06,1.068009999999999961e-05,1.364276000000000150e-05
0.000000000000000000e+00,0.000000000000000000e+00,0.000000000000000000e+00,4.617000000000000116e-07,8.203440000000000565e-07,2.359440000000000063e-06,3.898279999999999885e-06,6.925159999999999947e-06,8.618980000000000274e-06,1.277357999999999943e-05
0.000000000000000000e+00,0.000000000000000000e+00,0.000000000000000000e+00,5.154819999999999700e-08,8.753399999999999489e-07,1.854154000000000180e-06,3.914260000000000535e-06,6.695340000000000342e-06,8.754919999999999518e-06,1.056014000000000017e-05
0.000000000000000000e+00,0.000000000000000000e+00,0.000000000000000000e+00,5.167919999999999599e-07,1.137383999999999883e-06,2.067820000000000050e-06,4.653199999999999765e-06,7.134780000000001000e-06,9.098820000000001427e-06,1.297564000000000101e-05
0.000000000000000000e+00,0.000000000000000000e+00,0.000000000000000000e+00,1.555961999999999967e-07,7.784479999999999836e-07,2.180020000000000009e-06,3.840499999999999906e-06,6.279480000000000058e-06,9.601260000000001312e-06,1.188536000000000033e-05
0.000000000000000000e+00,0.000000000000000000e+00,0.000000000000000000e+00,2.604940000000000296e-07,9.900140000000000134e-07,2.500819999999999970e-06,4.064280000000000498e-06,6.043059999999999533e-06,9.376899999999999957e-06,1.141017999999999991e-05
0.000000000000000000e+00,0.000000000000000000e+00,0.000000000000000000e+00,3.660199999999999913e-07,8.368480000000000301e-07,2.196740000000000333e-06,3.609140000000000143e-06,6.065599999999999998e-06,7.845740000000001220e-06,1.155875999999999909e-05
0.000000000000000000e+00,0.000000000000000000e+00,0.000000000000000000e+00,1.051114000000000157e-07,1.207915999999999922e-06,2.519879999999999665e-06,4.356860000000000329e-06,6.142300000000000467e-06,9.292420000000000725e-06,1.191823999999999992e-05
0.000000000000000000e+00,0.000000000000000000e+00,0.000000000000000000e+00,5.276940000000000267e-08,8.429180000000000838e-07,1.844806000000000274e-06,3.741539999999999925e-06,5.216980000000000490e-06,8.590779999999999426e-06,1.011779999999999993e-05
0.000000000000000000e+00,0.000000000000000000e+00,0.000000000000000000e+00,3.174639999999999898e-07,1.005063999999999979e-06,2.063199999999999999e-06,4.178379999999999964e-06,5.872160000000000034e-06,1.036925999999999972e-05,1.221945999999999939e-05
0.000000000000000000e+00,0.000000000000000000e+00,0.000000000000000000e+00,2.653280000000000052e-07,9.028100000000000222e-07,2.177280000000000184e-06,3.716839999999999975e-06,5.946779999999999838e-06,8.601400000000000351e-06,1.141784000000000044e-05
0.000000000000000000e+00,0.000000000000000000e+00,0.000000000000000000e+00,2.133659999999999797e-07,1.065987999999999923e-06,1.598770000000000068e-06,3.251299999999999686e-06,6.075420000000000016e-06,9.060380000000000826e-06,9.967820000000001069e-06
0.000000000000000000e+00,0.000000000000000000e+00,0.000000000000000000e+00,1.602283999999999923e-07,8.020759999999998826e-07,1.926028000000000205e-06,3.904980000000000176e-06,6.205980000000000677e-06,9.735840000000000284e-06,1.043289999999999967e-05
0.000000000000000000e+00,0.000000000000000000e+00,0.000000000000000000e+00,1.612033999999999862e-07,6.980240000000000570e-07,1.503698000000000049e-06,3.275759999999999787e-06,6.389699999999999995e-06,8.485219999999999373e-06,1.047292000000000069e-05
0.000000000000000000e+00,0.000000000000000000e+00,0.000000000000000000e+00,2.695900000000000205e-07,1.185934000000000037e-06,1.940131999999999892e-06,3.503000000000000173e-06,5.334960000000000333e-06,8.139360000000000960e-06,1.202049999999999951e-05
0.000000000000000000e+00,0.000000000000000000e+00,0.000000000000000000e+00,2.165979999999999917e-07,8.652380000000000878e-07,1.351998000000000087e-06,2.922060000000000107e-06,6.221620000000000412e-06,7.573720000000000562e-06,1.006105999999999986e-05
0.000000000000000000e+00,0.000000000000000000e+00,0.000000000000000000e+00,2.713839999999999901e-07,8.143560000000000429e-07,2.009559999999999950e-06,3.312479999999999920e-06,6.025900000000000192e-06,8.144019999999999997e-06,1.020787999999999958e-05
0.000000000000000000e+00,0.000000000000000000e+00,0.000000000000000000e+00,2.723340000000000085e-07,1.089742000000000018e-06,1.744161999999999971e-06,3.378679999999999811e-06,5.614380000000000276e-06,7.412139999999999137e-06,9.972480000000000106e-06
0.000000000000000000e+00,0.000000000000000000e+00,0.000000000000000000e+00,1.093377999999999985e-07,6.562100000000000242e-07,2.023459999999999936e-06,3.719639999999999762e-06,5.688760000000000232e-06,8.915739999999999446e-06,1.269031999999999914e-05
0.000000000000000000e+00,0.000000000000000000e+00,0.000000000000000000e+00,1.649730000000000043e-07,6.586999999999999360e-07,1.537299999999999876e-06,4.062060000000000204e-06,4.884859999999999340e-06,8.893699999999999230e-06,9.991200000000000157e-06
0.000000000000000000e+00,0.000000000000000000e+00,0.000000000000000000e+00,1.652844000000000080e-07,6.060200000000000228e-07,2.424680000000000136e-06,3.581139999999999733e-06,6.667300000000000522e-06,7.438859999999999789e-06,9.422079999999999412e-06
0.000000000000000000e+00,0.000000000000000000e+00,0.000000000000000000e+00,1.105019999999999925e-07,8.845539999999999677e-07,1.714023999999999837e-06,2.709519999999999767e-06,5.088219999999999541e-06,7.410299999999999168e-06,1.017373999999999994e-05
0.000000000000000000e+00,0.000000000000000000e+00,0.000000000000000000e+00,5.559420000000000557e-08,8.322620000000000710e-07,1.665533999999999858e-06,2.775260000000000090e-06,4.938979999999999933e-06,7.049599999999999386e-06,1.054593999999999952e-05
0.000000000000000000e+00,0.000000000000000000e+00,0.000000000000000000e+00,1.671411999999999853e-07,5.571099999999999905e-07,1.614992000000000198e-06,3.230800000000000052e-06,4.901500000000000420e-06,6.127220000000000096e-06,9.357059999999999483e-06
0.000000000000000000e+00,0.000000000000000000e+00,0.000000000000000000e+00,5.592800000000000291e-08,2.794519999999999800e-07,1.453188000000000002e-06,3.018559999999999946e-06,5.701479999999999832e-06,6.037680000000000103e-06,9.054939999999999739e-06
0.000000000000000000e+00,0.000000000000000000e+00,0.000000000000000000e+00,0.000000000000000000e+00,7.855500000000000429e-07,1.794696000000000045e-06,3.086180000000000071e-06,5.555359999999999950e-06,7.628459999999999634e-06,9.088299999999999027e-06
0.000000000000000000e+00,0.000000000000000000e+00,0.000000000000000000e+00,3.378880000000000144e-07,6.192999999999999405e-07,1.126378000000000162e-06,2.590520000000000144e-06,4.335999999999999651e-06,6.981200000000000177e-06,1.013259999999999850e-05
0.000000000000000000e+00,0.000000000000000000e+00,0.000000000000000000e+00,0.000000000000000000e+00,3.957479999999999780e-07,1.468741999999999905e-06,3.164200000000000130e-06,4.859460000000000396e-06,7.739599999999999556e-06,1.005702000000000015e-05
0.000000000000000000e+00,0.000000000000000000e+00,0.000000000000000000e+00,1.135304000000000066e-07,5.671220000000000142e-07,1.814134000000000011e-06,3.742179999999999804e-06,4.195839999999999963e-06,7.030580000000000371e-06,8.222120000000000147e-06
0.000000000000000000e+00,0.000000000000000000e+00,0.000000000000000000e+00,3.413159999999999840e-07,7.962600000000000640e-07,1.650631999999999954e-06,2.560760000000000280e-06,5.234340000000000269e-06,7.338720000000001118e-06,1.018498000000000019e-05
0.000000000000000000e+00,0.000000000000000000e+00,0.000000000000000000e+00,2.282379999999999822e-07,7.994100000000000889e-07,1.598318000000000085e-06,2.912159999999999999e-06,4.339860000000000322e-06,7.250119999999999967e-06,1.073452000000000001e-05
0.000000000000000000e+00,0.000000000000000000e+00,0.000000000000000000e+00,1.719233999999999922e-07,4.011540000000000199e-07,1.547279999999999863e-06,3.552300000000000277e-06,5.328580000000000404e-06,7.162739999999999458e-06,9.568739999999999801e-06
0.000000000000000000e+00,0.000000000000000000e+00,0.000000000000000000e+00,0.000000000000000000e+00,1.092420000000000037e-06,1.380082000000000062e-06,2.818039999999999789e-06,4.829939999999999533e-06,5.693959999999999775e-06,9.315819999999999518e-06
0.000000000000000000e+00,0.000000000000000000e+00,0.000000000000000000e+00,1.730590000000000146e-07,5.192619999999999549e-07,1.442506000000000119e-06,2.653719999999999810e-06,4.096679999999999544e-06,6.751160000000000428e-06,9.232080000000001231e-06
0.000000000000000000e+00,0.000000000000000000e+00,0.000000000000000000e+00,5.790920000000000347e-08,4.632039999999999700e-07,1.679116000000000171e-06,3.068639999999999981e-06,4.110819999999999378e-06,6.833280000000000583e-06,8.628060000000000194e-06
0.000000000000000000e+00,0.000000000000000000e+00,0.000000000000000000e+00,5.813359999999999455e-08,1.045836000000000154e-06,1.452411999999999969e-06,3.311079999999999815e-06,3.775820000000000044e-06,5.984819999999999562e-06,8.772340000000000107e-06
0.000000000000000000e+00,0.000000000000000000e+00,0.000000000000000000e+00,1.747336000000000129e-07,5.247260000000000097e-07,8.160259999999998719e-07,2.798280000000000252e-06,4.022619999999999951e-06,6.530240000000000855e-06,9.154259999999998646e-06
0.000000000000000000e+00,0.000000000000000000e+00,0.000000000000000000e+00,0.000000000000000000e+00,4.677019999999999882e-07,1.579762000000000114e-06,2.866159999999999931e-06,4.388539999999999829e-06,6.902039999999999566e-06,9.124819999999999145e-06
0.000000000000000000e+00,0.000000000000000000e+00,0.000000000000000000e+00,0.000000000000000000e+00,5.872680000000000412e-07,1.350319999999999931e-06,2.230360000000000021e-06,3.933580000000000208e-06,7.103200000000000025e-06,9.627319999999999839e-06
0.000000000000000000e+00,0.000000000000000000e+00,0.000000000000000000e+00,5.898839999999999371e-08,3.534879999999999688e-07,1.826081999999999900e-06,2.414600000000000141e-06,4.416299999999999543e-06,6.596420000000000618e-06,8.245820000000001293e-06
0.000000000000000000e+00,0.000000000000000000e+00,0.000000000000000000e+00,1.181824000000000008e-07,4.727439999999999880e-07,1.122488000000000145e-06,2.836680000000000173e-06,4.314020000000000245e-06,5.792260000000000172e-06,7.564939999999999606e-06
0.000000000000000000e+00,0.000000000000000000e+00,0.000000000000000000e+00,1.780112000000000025e-07,2.965300000000000222e-07,1.363894000000000023e-06,2.371719999999999800e-06,4.270000000000000622e-06,6.048619999999999697e-06,7.946579999999999733e-06
0.000000000000000000e+00,0.000000000000000000e+00,0.000000000000000000e+00,1.783433999999999928e-07,1.784099999999999942e-07,1.368561999999999917e-06,2.022700000000000133e-06,3.451680000000000214e-06,6.426620000000000143e-06,8.687719999999999552e-06
0.000000000000000000e+00,0.000000000000000000e+00,0.000000000000000000e+00,5.977459999999999581e-08,2.986240000000000143e-07,1.433306000000000063e-06,2.328080000000000079e-06,3.999580000000000084e-06,5.252799999999999920e-06,7.283580000000000321e-06
0.000000000000000000e+00,0.000000000000000000e+00,0.000000000000000000e+00,0.000000000000000000e+00,7.188500000000000081e-07,9.584679999999999770e-07,2.695779999999999963e-06,3.893820000000000439e-06,6.528759999999999813e-06,8.985760000000000175e-06
0.000000000000000000e+00,0.000000000000000000e+00,0.000000000000000000e+00,0.000000000000000000e+00,1.803284000000000201e-07,1.382239999999999915e-06,2.163739999999999971e-06,4.266740000000000419e-06,5.288620000000000197e-06,7.633379999999999072e-06
0.000000000000000000e+00,0.000000000000000000e+00,0.000000000000000000e+00,6.038099999999998991e-08,4.220119999999999543e-07,6.632039999999999610e-07,2.049700000000000044e-06,3.618259999999999896e-06,5.848840000000000061e-06,7.235859999999999361e-06
0.000000000000000000e+00,0.000000000000000000e+00,0.000000000000000000e+00,2.420440000000000199e-07,5.443139999999999863e-07,1.029020000000000144e-06,2.117739999999999904e-06,4.416540000000000239e-06,5.989339999999999817e-06,7.804920000000000144e-06
0.000000000000000000e+00,0.000000000000000000e+00,0.000000000000000000e+00,6.075219999999999789e-08,2.427740000000000006e-07,1.032211999999999952e-06,2.063899999999999840e-06,3.946100000000000216e-06,5.887639999999999588e-06,7.527020000000000653e-06
0.000000000000000000e+00,0.000000000000000000e+00,0.000000000000000000e+00,6.092980000000000605e-08,4.264339999999999922e-07,1.644704000000000220e-06,2.496839999999999798e-06,4.384960000000000111e-06,5.298280000000000033e-06,7.064220000000000612e-06
0.000000000000000000e+00,0.000000000000000000e+00,0.000000000000000000e+00,0.000000000000000000e+00,1.221938000000000046e-07,1.222108000000000133e-06,1.588347999999999950e-06,4.584120000000000420e-06,5.744020000000000106e-06,7.942640000000000241e-06
0.000000000000000000e+00,0.000000000000000000e+00,0.000000000000000000e+00,0.000000000000000000e+00,1.838170000000000107e-07,1.225775999999999951e-06,2.452100000000000206e-06,2.819519999999999985e-06,5.885220000000000550e-06,7.846979999999999873e-06
0.000000000000000000e+00,0.000000000000000000e+00,0.000000000000000000e+00,0.000000000000000000e+00,4.920719999999999874e-07,1.229584000000000034e-06,2.459699999999999930e-06,4.120360000000000137e-06,5.165540000000000183e-06,6.580260000000000082e-06
0.000000000000000000e+00,0.000000000000000000e+00,0.000000000000000000e+00,6.178320000000000229e-08,3.086399999999999897e-07,1.110932000000000064e-06,2.467780000000000198e-06,3.208299999999999843e-06,5.923119999999999797e-06,7.220420000000000065e-06
0.000000000000000000e+00,0.000000000000000000e+00,0.000000000000000000e+00,1.857311999999999949e-07,3.716840000000000081e-07,8.666460000000000962e-07,2.351699999999999863e-06,3.651780000000000212e-06,6.314299999999999836e-06,6.128240000000000300e-06
0.000000000000000000e+00,0.000000000000000000e+00,0.000000000000000000e+00,6.217979999999999408e-08,3.726780000000000235e-07,1.117658000000000015e-06,2.111220000000000346e-06,3.292159999999999749e-06,5.775679999999999901e-06,6.272479999999999956e-06
0.000000000000000000e+00,0.000000000000000000e+00,0.000000000000000000e+00,0.000000000000000000e+00,1.246337999999999920e-07,1.059088000000000040e-06,1.682163999999999816e-06,4.360380000000000085e-06,5.171739999999999378e-06,7.663120000000000925e-06
0.000000000000000000e+00,0.000000000000000000e+00,0.000000000000000000e+00,6.254960000000000577e-08,0.000000000000000000e+00,8.124159999999999606e-07,2.124820000000000097e-06,3.500639999999999826e-06,4.563299999999999999e-06,7.062560000000000529e-06
0.000000000000000000e+00,0.000000000000000000e+00,0.000000000000000000e+00,6.272879999999999456e-08,3.132899999999999684e-07,9.406399999999999844e-07,1.818230000000000208e-06,3.573940000000000463e-06,4.451999999999999896e-06,7.524639999999999331e-06
0.000000000000000000e+00,0.000000000000000000e+00,0.000000000000000000e+00,0.000000000000000000e+00,5.659880000000000518e-07,1.132126000000000009e-06,1.824089999999999971e-06,3.396959999999999999e-06,4.780539999999999634e-06,7.736800000000000193e-06
0.000000000000000000e+00,0.000000000000000000e+00,0.000000000000000000e+00,6.313720000000000237e-08,3.154920000000000301e-07,1.009530000000000014e-06,1.829305999999999956e-06,3.975599999999999680e-06,5.426539999999999886e-06,7.381879999999999871e-06
0.000000000000000000e+00,0.000000000000000000e+00,0.000000000000000000e+00,0.000000000000000000e+00,2.531880000000000037e-07,1.075977999999999975e-06,1.835462000000000054e-06,3.038240000000000238e-06,5.570280000000000140e-06,7.279900000000000383e-06
0.000000000000000000e+00,0.000000000000000000e+00,0.000000000000000000e+00,0.000000000000000000e+00,4.446279999999999763e-07,6.351100000000000272e-07,2.031860000000000143e-06,3.175159999999999852e-06,5.016160000000000098e-06,6.985019999999999744e-06
0.000000000000000000e+00,0.000000000000000000e+00,0.000000000000000000e+00,6.379919999999999864e-08,3.183839999999999742e-07,7.644840000000000314e-07,2.547439999999999788e-06,2.866359999999999946e-06,5.032800000000000332e-06,5.605499999999999948e-06
0.000000000000000000e+00,0.000000000000000000e+00,0.000000000000000000e+00,6.399819999999999930e-08,4.471720000000000552e-07,8.306540000000000476e-07,1.661418000000000167e-06,3.769539999999999911e-06,4.920199999999999919e-06,6.517480000000000151e-06
0.000000000000000000e+00,0.000000000000000000e+00,0.000000000000000000e+00,6.407880000000000334e-08,2.564399999999999855e-07,8.331379999999998996e-07,2.051500000000000179e-06,3.206119999999999807e-06,4.935599999999999806e-06,6.859099999999999262e-06
0.000000000000000000e+00,0.000000000000000000e+00,0.000000000000000000e+00,6.424420000000000031e-08,3.859820000000000214e-07,7.071980000000000305e-07,2.057940000000000070e-06,3.536540000000000194e-06,5.143919999999999702e-06,5.466399999999999874e-06
0.000000000000000000e+00,0.000000000000000000e+00,0.000000000000000000e+00,0.000000000000000000e+00,3.870420000000000058e-07,1.096102000000000030e-06,1.483490000000000005e-06,3.353520000000000293e-06,3.934899999999999375e-06,7.094920000000000165e-06
0.000000000000000000e+00,0.000000000000000000e+00,0.000000000000000000e+00,1.293193999999999900e-07,3.880640000000000000e-07,9.705999999999998635e-07,1.811342000000000233e-06,3.881600000000000241e-06,4.723020000000000056e-06,6.858960000000000480e-06
0.000000000000000000e+00,0.000000000000000000e+00,0.000000000000000000e+00,0.000000000000000000e+00,3.242719999999999804e-07,8.438900000000000213e-07,2.077220000000000332e-06,2.855539999999999853e-06,4.738419999999999942e-06,6.619180000000000380e-06
0.000000000000000000e+00,0.000000000000000000e+00,0.000000000000000000e+00,0.000000000000000000e+00,2.606080000000000000e-07,9.766239999999999180e-07,1.497195999999999929e-06,2.995180000000000010e-06,4.101279999999999466e-06,5.858919999999999633e-06
0.000000000000000000e+00,0.000000000000000000e+00,0.000000000000000000e+00,0.000000000000000000e+00,2.614439999999999951e-07,4.572779999999999737e-07,1.241046000000000061e-06,3.199520000000000158e-06,4.571260000000000343e-06,6.399019999999999764e-06
0.000000000000000000e+00,0.000000000000000000e+00,0.000000000000000000e+00,0.000000000000000000e+00,1.965403999999999803e-07,6.548619999999999780e-07,1.899266000000000088e-06,3.144259999999999860e-06,4.846560000000000062e-06,5.633319999999999624e-06
0.000000000000000000e+00,0.000000000000000000e+00,0.000000000000000000e+00,0.000000000000000000e+00,3.287079999999999812e-07,6.571620000000000449e-07,1.642571999999999814e-06,2.824979999999999929e-06,4.861840000000000024e-06,5.518399999999999545e-06
0.000000000000000000e+00,0.000000000000000000e+00,0.000000000000000000e+00,0.000000000000000000e+00,2.634840000000000319e-07,5.270660000000000161e-07,1.515788000000000047e-06,2.701879999999999786e-06,3.689979999999999694e-06,5.734420000000000232e-06
0.000000000000000000e+00,0.000000000000000000e+00,0.000000000000000000e+00,0.000000000000000000e+00,1.983384000000000074e-07,6.611439999999999544e-07,1.255852000000000068e-06,2.445240000000000156e-06,4.363020000000000114e-06,6.016559999999999871e-06
0.000000000000000000e+00,0.000000000000000000e+00,0.000000000000000000e+00,0.000000000000000000e+00,3.316119999999999918e-07,1.458821999999999879e-06,1.856510000000000204e-06,2.585339999999999882e-06,3.580200000000000044e-06,6.894759999999999358e-06
0.000000000000000000e+00,0.000000000000000000e+00,0.000000000000000000e+00,0.000000000000000000e+00,1.995683999999999992e-07,9.309020000000000066e-07,1.529834000000000039e-06,3.058739999999999873e-06,4.123040000000000423e-06,4.854200000000000043e-06
0.000000000000000000e+00,0.000000000000000000e+00,0.000000000000000000e+00,6.673799999999999846e-08,6.670639999999999704e-08,6.002740000000000188e-07,1.800527999999999882e-06,2.535040000000000127e-06,4.068540000000000352e-06,5.937000000000000078e-06
0.000000000000000000e+00,0.000000000000000000e+00,0.000000000000000000e+00,0.000000000000000000e+00,2.006699999999999831e-07,4.684260000000000151e-07,2.206940000000000252e-06,2.207960000000000033e-06,3.680019999999999623e-06,6.020380000000000286e-06
0.000000000000000000e+00,0.000000000000000000e+00,0.000000000000000000e+00,0.000000000000000000e+00,2.013440000000000062e-07,6.713019999999999849e-07,1.274719999999999969e-06,2.482520000000000077e-06,3.556420000000000078e-06,5.502340000000000075e-06
0.000000000000000000e+00,0.000000000000000000e+00,0.000000000000000000e+00,0.000000000000000000e+00,2.689480000000000337e-07,6.731520000000000180e-07,2.086759999999999821e-06,2.692660000000000237e-06,4.038479999999999830e-06,4.979780000000000457e-06
0.000000000000000000e+00,0.000000000000000000e+00,0.000000000000000000e+00,0.000000000000000000e+00,1.350796000000000206e-07,3.374319999999999738e-07,1.754911999999999826e-06,2.092319999999999984e-06,4.455599999999999319e-06,5.061779999999999841e-06
0.000000000000000000e+00,0.000000000000000000e+00,0.000000000000000000e+00,0.000000000000000000e+00,3.385860000000000118e-07,7.444819999999999560e-07,1.421573999999999995e-06,2.504660000000000089e-06,4.468560000000000462e-06,5.482879999999999926e-06
0.000000000000000000e+00,0.000000000000000000e+00,0.000000000000000000e+00,0.000000000000000000e+00,6.785620000000000645e-08,7.467280000000000146e-07,1.901109999999999955e-06,3.327559999999999867e-06,3.191460000000000018e-06,4.888940000000000154e-06
0.000000000000000000e+00,0.000000000000000000e+00,0.000000000000000000e+00,6.819300000000000719e-08,2.726080000000000016e-07,7.491080000000000663e-07,1.361978000000000074e-06,2.519680000000000074e-06,4.290899999999999863e-06,5.176140000000000556e-06
0.000000000000000000e+00,0.000000000000000000e+00,0.000000000000000000e+00,0.000000000000000000e+00,1.366071999999999846e-07,7.511959999999999987e-07,2.049599999999999824e-06,3.278880000000000360e-06,4.303220000000000280e-06,6.010239999999999905e-06
0.000000000000000000e+00,0.000000000000000000e+00,0.000000000000000000e+00,0.000000000000000000e+00,2.738959999999999798e-07,7.533239999999999765e-07,1.164503999999999930e-06,1.918000000000000102e-06,3.151239999999999834e-06,5.274600000000000287e-06
0.000000000000000000e+00,0.000000000000000000e+00,0.000000000000000000e+00,0.000000000000000000e+00,3.434820000000000048e-07,5.494780000000000185e-07,1.511270000000000059e-06,3.022660000000000042e-06,4.878199999999999305e-06,5.427160000000000060e-06
0.000000000000000000e+00,0.000000000000000000e+00,0.000000000000000000e+00,0.000000000000000000e+00,0.000000000000000000e+00,8.267540000000000722e-07,1.033748000000000000e-06,2.756040000000000213e-06,3.996839999999999836e-06,5.787639999999999698e-06
0.000000000000000000e+00,0.000000000000000000e+00,0.000000000000000000e+00,0.000000000000000000e+00,6.904779999999999973e-08,8.983599999999998996e-07,1.174355999999999984e-06,2.418859999999999995e-06,3.316819999999999865e-06,4.629740000000000163e-06
0.000000000000000000e+00,0.000000000000000000e+00,0.000000000000000000e+00,0.000000000000000000e+00,4.157540000000000050e-07,6.235899999999999875e-07,1.524586000000000017e-06,2.840640000000000216e-06,3.326420000000000163e-06,6.029419999999999948e-06
0.000000000000000000e+00,0.000000000000000000e+00,0.000000000000000000e+00,0.000000000000000000e+00,2.085659999999999897e-07,4.863740000000000379e-07,1.111628000000000006e-06,2.779639999999999868e-06,3.683819999999999909e-06,6.602800000000000547e-06
0.000000000000000000e+00,0.000000000000000000e+00,0.000000000000000000e+00,0.000000000000000000e+00,1.393416000000000094e-07,4.181060000000000250e-07,1.045491999999999976e-06,2.160600000000000117e-06,4.181539999999999948e-06,7.039019999999999565e-06
0.000000000000000000e+00,0.000000000000000000e+00,0.000000000000000000e+00,0.000000000000000000e+00,2.097579999999999649e-07,6.989039999999999961e-07,1.537622000000000082e-06,1.957216000000000100e-06,4.193500000000000592e-06,4.963000000000000594e-06
0.000000000000000000e+00,0.000000000000000000e+00,0.000000000000000000e+00,0.000000000000000000e+00,7.004199999999999946e-08,2.101980000000000138e-07,1.892475999999999853e-06,2.243039999999999788e-06,3.784940000000000221e-06,4.696479999999999290e-06
0.000000000000000000e+00,0.000000000000000000e+00,0.000000000000000000e+00,0.000000000000000000e+00,0.000000000000000000e+00,7.731480000000000090e-07,1.195132000000000037e-06,1.968363999999999930e-06,3.233900000000000073e-06,4.287919999999999766e-06
0.000000000000000000e+00,0.000000000000000000e+00,0.000000000000000000e+00,0.000000000000000000e+00,2.114480000000000019e-07,2.818280000000000273e-07,1.762269999999999858e-06,1.903356000000000120e-06,3.524860000000000502e-06,4.370920000000000496e-06
0.000000000000000000e+00,0.000000000000000000e+00,0.000000000000000000e+00,0.000000000000000000e+00,2.119959999999999880e-07,5.653339999999999985e-07,1.555586000000000017e-06,2.474979999999999892e-06,3.252559999999999738e-06,6.433140000000000548e-06
0.000000000000000000e+00,0.000000000000000000e+00,0.000000000000000000e+00,0.000000000000000000e+00,2.126999999999999657e-07,5.670819999999999689e-07,1.134176000000000057e-06,2.481340000000000116e-06,2.693799999999999941e-06,4.679099999999999805e-06
0.000000000000000000e+00,0.000000000000000000e+00,0.000000000000000000e+00,0.000000000000000000e+00,1.423424000000000134e-07,7.109640000000000128e-07,1.137847999999999986e-06,2.132639999999999964e-06,4.052460000000000330e-06,6.256040000000000160e-06
0.000000000000000000e+00,0.000000000000000000e+00,0.000000000000000000e+00,0.000000000000000000e+00,0.000000000000000000e+00,5.706400000000000329e-07,1.069566000000000010e-06,2.922879999999999872e-06,4.134700000000000410e-06,5.204520000000000443e-06
0.000000000000000000e+00,0.000000000000000000e+00,0.000000000000000000e+00,0.000000000000000000e+00,2.144400000000000064e-07,1.429372000000000155e-07,9.295199999999999748e-07,2.645220000000000230e-06,4.147339999999999496e-06,5.219559999999999710e-06
0.000000000000000000e+00,0.000000000000000000e+00,0.000000000000000000e+00,0.000000000000000000e+00,7.173220000000000754e-08,3.585059999999999943e-07,1.935651999999999895e-06,2.150739999999999842e-06,3.441120000000000098e-06,4.517040000000000378e-06
0.000000000000000000e+00,0.000000000000000000e+00,0.000000000000000000e+00,0.000000000000000000e+00,7.188379999999999945e-08,2.876640000000000274e-07,1.006689999999999970e-06,2.085320000000000306e-06,2.876340000000000145e-06,4.529840000000000492e-06
0.000000000000000000e+00,0.000000000000000000e+00,0.000000000000000000e+00,0.000000000000000000e+00,7.212460000000001044e-08,2.163320000000000078e-07,1.369866000000000125e-06,1.730506000000000157e-06,3.676720000000000434e-06,4.757839999999999834e-06
0.000000000000000000e+00,0.000000000000000000e+00,0.000000000000000000e+00,0.000000000000000000e+00,0.000000000000000000e+00,2.892959999999999721e-07,1.012054000000000018e-06,2.169119999999999825e-06,2.819559999999999818e-06,3.831779999999999759e-06
0.000000000000000000e+00,0.000000000000000000e+00,0.000000000000000000e+00,0.000000000000000000e+00,7.247080000000000331e-08,1.015214000000000001e-06,1.740383999999999870e-06,1.884827999999999863e-06,3.479740000000000162e-06,5.073859999999999563e-06
0.000000000000000000e+00,0.000000000000000000e+00,0.000000000000000000e+00,0.000000000000000000e+00,1.455699999999999992e-07,5.088780000000000387e-07,1.454303999999999891e-06,2.180939999999999993e-06,3.125519999999999681e-06,5.015160000000000447e-06
0.000000000000000000e+00,0.000000000000000000e+00,0.000000000000000000e+00,0.000000000000000000e+00,7.280419999999999226e-08,8.017219999999999576e-07,1.020580000000000103e-06,2.041000000000000025e-06,3.061779999999999932e-06,5.102920000000000433e-06
0.000000000000000000e+00,0.000000000000000000e+00,0.000000000000000000e+00,0.000000000000000000e+00,7.317280000000000523e-08,3.654179999999999969e-07,8.773860000000000984e-07,2.046239999999999826e-06,3.069600000000000223e-06,4.824440000000000179e-06
0.000000000000000000e+00,0.000000000000000000e+00,0.000000000000000000e+00,0.000000000000000000e+00,7.335299999999999516e-08,5.130899999999999444e-07,1.319603999999999936e-06,1.539029999999999984e-06,2.564179999999999817e-06,4.324560000000000655e-06
0.000000000000000000e+00,0.000000000000000000e+00,0.000000000000000000e+00,0.000000000000000000e+00,7.349059999999999766e-08,3.677220000000000154e-07,6.613200000000000481e-07,2.352179999999999983e-06,3.748499999999999771e-06,4.997200000000000199e-06
0.000000000000000000e+00,0.000000000000000000e+00,0.000000000000000000e+00,0.000000000000000000e+00,7.360400000000000184e-08,8.107179999999999940e-07,1.253058000000000023e-06,1.990278000000000056e-06,3.316420000000000258e-06,4.865079999999999675e-06
0.000000000000000000e+00,0.000000000000000000e+00,0.000000000000000000e+00,0.000000000000000000e+00,1.478774000000000163e-07,5.916000000000000829e-07,1.256213999999999896e-06,2.069480000000000132e-06,3.695559999999999563e-06,4.286200000000000569e-06
0.000000000000000000e+00,0.000000000000000000e+00,0.000000000000000000e+00,0.000000000000000000e+00,1.481162000000000118e-07,2.220800000000000140e-07,1.333789999999999981e-06,2.148740000000000115e-06,2.815720000000000123e-06,5.038479999999999573e-06
0.000000000000000000e+00,0.000000000000000000e+00,0.000000000000000000e+00,0.000000000000000000e+00,0.000000000000000000e+00,2.973279999999999741e-07,8.168400000000000008e-07,1.263677999999999889e-06,2.674419999999999883e-06,3.788900000000000265e-06
0.000000000000000000e+00,0.000000000000000000e+00,0.000000000000000000e+00,0.000000000000000000e+00,7.443499999999999122e-08,2.981000000000000025e-07,8.189120000000001268e-07,1.713879999999999886e-06,2.756560000000000167e-06,4.693660000000000222e-06
0.000000000000000000e+00,0.000000000000000000e+00,0.000000000000000000e+00,0.000000000000000000e+00,0.000000000000000000e+00,4.482560000000000138e-07,7.468340000000000818e-07,2.315640000000000160e-06,2.764439999999999997e-06,4.108860000000000332e-06
0.000000000000000000e+00,0.000000000000000000e+00,0.000000000000000000e+00,0.000000000000000000e+00,7.488260000000000113e-08,4.493520000000000389e-07,8.237019999999998937e-07,2.097459999999999989e-06,2.471859999999999742e-06,4.344160000000000434e-06
0.000000000000000000e+00,0.000000000000000000e+00,0.000000000000000000e+00,0.000000000000000000e+00,1.502779999999999908e-07,3.754039999999999911e-07,9.763299999999998493e-07,1.502222000000000175e-06,2.778500000000000164e-06,4.581339999999999915e-06
0.000000000000000000e+00,0.000000000000000000e+00,0.000000000000000000e+00,0.000000000000000000e+00,1.506048000000000067e-07,3.013440000000000281e-07,1.054070000000000015e-06,2.107959999999999719e-06,3.162639999999999844e-06,4.443020000000000195e-06
0.000000000000000000e+00,0.000000000000000000e+00,0.000000000000000000e+00,0.000000000000000000e+00,2.264920000000000140e-07,6.040119999999999693e-07,8.305659999999999478e-07,2.340820000000000231e-06,3.775339999999999924e-06,3.850420000000000143e-06
0.000000000000000000e+00,0.000000000000000000e+00,0.000000000000000000e+00,0.000000000000000000e+00,7.569900000000000836e-08,3.784580000000000131e-07,1.135045999999999932e-06,1.210884000000000111e-06,2.498740000000000152e-06,2.951539999999999866e-06
0.000000000000000000e+00,0.000000000000000000e+00,0.000000000000000000e+00,0.000000000000000000e+00,2.276320000000000097e-07,6.828980000000000048e-07,7.588979999999999972e-07,1.366256000000000002e-06,2.960119999999999960e-06,2.808220000000000194e-06
0.000000000000000000e+00,0.000000000000000000e+00,0.000000000000000000e+00,0.000000000000000000e+00,0.000000000000000000e+00,3.804899999999999879e-07,1.141846000000000019e-06,1.369556000000000038e-06,3.349060000000000000e-06,4.565800000000000399e-06
0.000000000000000000e+00,0.000000000000000000e+00,0.000000000000000000e+00,0.000000000000000000e+00,7.637120000000000031e-08,3.051439999999999960e-07,8.397040000000000922e-07,2.136020000000000091e-06,3.509660000000000207e-06,4.196759999999999948e-06
0.000000000000000000e+00,0.000000000000000000e+00,0.000000000000000000e+00,0.000000000000000000e+00,1.531185999999999878e-07,1.530944000000000027e-07,7.651779999999999184e-07,1.300542000000000185e-06,1.912173999999999795e-06,3.901520000000000382e-06
0.000000000000000000e+00,0.000000000000000000e+00,0.000000000000000000e+00,0.000000000000000000e+00,7.677100000000000631e-08,7.664939999999999548e-08,1.150749999999999951e-06,1.764105999999999928e-06,2.531019999999999697e-06,4.525079999999999542e-06
0.000000000000000000e+00,0.000000000000000000e+00,0.000000000000000000e+00,0.000000000000000000e+00,0.000000000000000000e+00,3.074920000000000114e-07,1.153684000000000049e-06,1.845694000000000010e-06,2.537839999999999913e-06,4.460720000000000043e-06
0.000000000000000000e+00,0.000000000000000000e+00,0.000000000000000000e+00,0.000000000000000000e+00,1.541772000000000023e-07,3.853559999999999998e-07,7.711940000000000697e-07,1.465081999999999884e-06,2.852680000000000104e-06,3.468939999999999774e-06
0.000000000000000000e+00,0.000000000000000000e+00,0.000000000000000000e+00,0.000000000000000000e+00,7.735419999999998999e-08,1.544891999999999855e-07,1.468298000000000142e-06,1.469078000000000074e-06,2.319200000000000174e-06,3.478799999999999625e-06
0.000000000000000000e+00,0.000000000000000000e+00,0.000000000000000000e+00,0.000000000000000000e+00,0.000000000000000000e+00,3.098979999999999868e-07,1.007609999999999955e-06,1.704860000000000140e-06,3.254879999999999828e-06,3.875000000000000169e-06
0.000000000000000000e+00,0.000000000000000000e+00,0.000000000000000000e+00,0.000000000000000000e+00,1.554558000000000016e-07,3.884259999999999869e-07,9.322359999999999840e-07,1.631942000000000095e-06,3.107780000000000000e-06,3.963359999999999777e-06
0.000000000000000000e+00,0.000000000000000000e+00,0.000000000000000000e+00,0.000000000000000000e+00,7.787319999999999616e-08,6.232099999999999802e-07,8.569900000000000526e-07,1.168152000000000043e-06,2.103219999999999745e-06,3.661619999999999935e-06
0.000000000000000000e+00,0.000000000000000000e+00,0.000000000000000000e+00,0.000000000000000000e+00,7.813659999999999837e-08,2.343740000000000048e-07,8.591519999999999101e-07,1.405910000000000021e-06,2.421199999999999790e-06,2.733880000000000073e-06
0.000000000000000000e+00,0.000000000000000000e+00,0.000000000000000000e+00,0.000000000000000000e+00,7.831740000000000750e-08,1.567018000000000116e-07,6.263200000000000656e-07,1.409528000000000153e-06,2.427760000000000029e-06,3.210560000000000394e-06
0.000000000000000000e+00,0.000000000000000000e+00,0.000000000000000000e+00,0.000000000000000000e+00,2.354439999999999740e-07,3.923779999999999683e-07,8.634840000000000577e-07,1.648629999999999960e-06,2.511720000000000153e-06,3.532159999999999568e-06
0.000000000000000000e+00,0.000000000000000000e+00,0.000000000000000000e+00,0.000000000000000000e+00,7.864560000000000643e-08,7.876439999999999821e-08,7.870860000000000905e-07,1.967503999999999908e-06,1.967294000000000040e-06,2.754079999999999896e-06
0.000000000000000000e+00,0.000000000000000000e+00,0.000000000000000000e+00,0.000000000000000000e+00,7.890479999999999330e-08,3.156120000000000074e-07,7.889240000000000041e-07,1.419985999999999994e-06,2.919020000000000048e-06,3.629760000000000125e-06
0.000000000000000000e+00,0.000000000000000000e+00,0.000000000000000000e+00,0.000000000000000000e+00,0.000000000000000000e+00,3.164740000000000319e-07,5.540359999999999459e-07,1.107754000000000008e-06,2.768299999999999821e-06,3.717699999999999998e-06
0.000000000000000000e+00,0.000000000000000000e+00,0.000000000000000000e+00,0.000000000000000000e+00,0.000000000000000000e+00,4.756240000000000243e-07,5.552599999999999574e-07,1.506614000000000073e-06,2.458759999999999817e-06,4.519800000000000331e-06
0.000000000000000000e+00,0.000000000000000000e+00,0.000000000000000000e+00,0.000000000000000000e+00,0.000000000000000000e+00,0.000000000000000000e+00,8.747019999999999137e-07,1.272261999999999882e-06,1.669340000000000097e-06,3.099700000000000155e-06
0.000000000000000000e+00,0.000000000000000000e+00,0.000000000000000000e+00,0.000000000000000000e+00,0.000000000000000000e+00,2.390219999999999813e-07,3.982639999999999722e-07,1.753227999999999928e-06,2.390740000000000085e-06,3.825900000000000080e-06
0.000000000000000000e+00,0.000000000000000000e+00,0.000000000000000000e+00,0.000000000000000000e+00,7.995779999999999617e-08,7.994259999999999482e-08,8.790240000000001028e-07,9.586460000000000200e-07,2.716240000000000187e-06,3.435860000000000169e-06
0.000000000000000000e+00,0.000000000000000000e+00,0.000000000000000000e+00,0.000000000000000000e+00,2.405199999999999859e-07,1.602819999999999790e-07,3.204279999999999626e-07,1.602206000000000047e-06,2.483020000000000326e-06,4.325999999999999747e-06
