3.000000000000000000e+01
3.100271002710027091e+01
3.200542005420054181e+01
3.300813008130081272e+01
3.401084010840108363e+01
3.501355013550135453e+01
3.601626016260162544e+01
3.701897018970189635e+01
3.802168021680216725e+01
3.902439024390243816e+01
4.002710027100270906e+01
4.102981029810297997e+01
4.203252032520325088e+01
4.303523035230352178e+01
4.403794037940379269e+01
4.504065040650406360e+01
4.604336043360433450e+01
4.704607046070460541e+01
4.804878048780487632e+01
4.905149051490514722e+01
5.005420054200541813e+01
5.105691056910568904e+01
5.205962059620595994e+01
5.306233062330623085e+01
5.406504065040650175e+01
5.506775067750677266e+01
5.607046070460704357e+01
5.707317073170731447e+01
5.807588075880758538e+01
5.907859078590785629e+01
6.008130081300812719e+01
6.108401084010839810e+01
6.208672086720866901e+01
6.308943089430893991e+01
6.409214092140921082e+01
6.509485094850947462e+01
6.609756097560975263e+01
6.710027100271003064e+01
6.810298102981029444e+01
6.910569105691055825e+01
7.010840108401083626e+01
7.111111111111111427e+01
7.211382113821137807e+01
7.311653116531164187e+01
7.411924119241191988e+01
7.512195121951219789e+01
7.612466124661246170e+01
7.712737127371272550e+01
7.813008130081300351e+01
7.913279132791328152e+01
8.013550135501354532e+01
8.113821138211380912e+01
8.214092140921408713e+01
8.314363143631436515e+01
8.414634146341462895e+01
8.514905149051489275e+01
8.615176151761517076e+01
8.715447154471544877e+01
8.815718157181571257e+01
8.915989159891597637e+01
9.016260162601625439e+01
9.116531165311653240e+01
9.216802168021679620e+01
9.317073170731706000e+01
9.417344173441733801e+01
9.517615176151761602e+01
9.617886178861787982e+01
9.718157181571814363e+01
9.818428184281842164e+01
9.918699186991869965e+01
1.001897018970189635e+02
1.011924119241192273e+02
1.021951219512195053e+02
1.031978319783197833e+02
1.042005420054200471e+02
1.052032520325203109e+02
1.062059620596205889e+02
1.072086720867208669e+02
1.082113821138211307e+02
1.092140921409213945e+02
1.102168021680216725e+02
1.112195121951219505e+02
1.122222222222222143e+02
1.132249322493224781e+02
1.142276422764227561e+02
1.152303523035230342e+02
1.162330623306232980e+02
1.172357723577235618e+02
1.182384823848238398e+02
1.192411924119241178e+02
1.202439024390243816e+02
1.212466124661246454e+02
1.222493224932249234e+02
1.232520325203252014e+02
1.242547425474254652e+02
1.252574525745257290e+02
1.262601626016260070e+02
1.272628726287262850e+02
1.282655826558265630e+02
1.292682926829268126e+02
1.302710027100270906e+02
1.312737127371273687e+02
1.322764227642276182e+02
1.332791327913278963e+02
1.342818428184281743e+02
1.352845528455284523e+02
1.362872628726287303e+02
1.372899728997289799e+02
1.382926829268292579e+02
1.392953929539295359e+02
1.402981029810297855e+02
1.413008130081300635e+02
1.423035230352303415e+02
1.433062330623306195e+02
1.443089430894308975e+02
1.453116531165311471e+02
1.463143631436314251e+02
1.473170731707317032e+02
1.483197831978319527e+02
1.493224932249322308e+02
1.503252032520325088e+02
1.513279132791327868e+02
1.523306233062330648e+02
1.533333333333333144e+02
1.543360433604335924e+02
1.553387533875338704e+02
1.563414634146341200e+02
1.573441734417343980e+02
1.583468834688346760e+02
1.593495934959349540e+02
1.603523035230352320e+02
1.613550135501354816e+02
1.623577235772357596e+02
1.633604336043360377e+02
1.643631436314362873e+02
1.653658536585365653e+02
1.663685636856368433e+02
1.673712737127371213e+02
1.683739837398373993e+02
1.693766937669376489e+02
1.703794037940379269e+02
1.713821138211382049e+02
1.723848238482384545e+02
1.733875338753387325e+02
1.743902439024390105e+02
1.753929539295392885e+02
1.763956639566395665e+02
1.773983739837398161e+02
1.784010840108400942e+02
1.794037940379403722e+02
1.804065040650406218e+02
1.814092140921408998e+02
1.824119241192411778e+02
1.834146341463414558e+02
1.844173441734417338e+02
1.854200542005419834e+02
1.864227642276422614e+02
1.874254742547425394e+02
1.884281842818427890e+02
1.894308943089430670e+02
1.904336043360433450e+02
1.914363143631436230e+02
1.924390243902439011e+02
1.934417344173441506e+02
1.944444444444444287e+02
1.954471544715447067e+02
1.964498644986449563e+02
1.974525745257452343e+02
1.984552845528455123e+02
1.994579945799457903e+02
2.004607046070460683e+02
2.014634146341463179e+02
2.024661246612465959e+02
2.034688346883468739e+02
2.044715447154471235e+02
2.054742547425474015e+02
2.064769647696476795e+02
2.074796747967479575e+02
2.084823848238482356e+02
2.094850948509484851e+02
2.104878048780487632e+02
2.114905149051490412e+02
2.124932249322492908e+02
2.134959349593495688e+02
2.144986449864498468e+02
2.155013550135501248e+02
2.165040650406504028e+02
2.175067750677506524e+02
2.185094850948509304e+02
2.195121951219512084e+02
2.205149051490514580e+02
2.215176151761517360e+02
2.225203252032520140e+02
2.235230352303522920e+02
2.245257452574525701e+02
2.255284552845528196e+02
2.265311653116530977e+02
2.275338753387533757e+02
2.285365853658536253e+02
2.295392953929539033e+02
2.305420054200541813e+02
2.315447154471544593e+02
2.325474254742547373e+02
2.335501355013549869e+02
2.345528455284552649e+02
2.355555555555555429e+02
2.365582655826557925e+02
2.375609756097560705e+02
2.385636856368563485e+02
2.395663956639566265e+02
2.405691056910569046e+02
2.415718157181571542e+02
2.425745257452574322e+02
2.435772357723577102e+02
2.445799457994579598e+02
2.455826558265582378e+02
2.465853658536585158e+02
2.475880758807587938e+02
2.485907859078590718e+02
2.495934959349593214e+02
2.505962059620595994e+02
2.515989159891598774e+02
2.526016260162601270e+02
2.536043360433604050e+02
2.546070460704606830e+02
2.556097560975609611e+02
2.566124661246612391e+02
2.576151761517614887e+02
2.586178861788617951e+02
2.596205962059620447e+02
2.606233062330622943e+02
2.616260162601626007e+02
2.626287262872628503e+02
2.636314363143630999e+02
2.646341463414634063e+02
2.656368563685636559e+02
2.666395663956639055e+02
2.676422764227642119e+02
2.686449864498644615e+02
2.696476964769647111e+02
2.706504065040650175e+02
2.716531165311653240e+02
2.726558265582655736e+02
2.736585365853658232e+02
2.746612466124661296e+02
2.756639566395663792e+02
2.766666666666666288e+02
2.776693766937669352e+02
2.786720867208671848e+02
2.796747967479674344e+02
2.806775067750677408e+02
2.816802168021679904e+02
2.826829268292682400e+02
2.836856368563685464e+02
2.846883468834687960e+02
2.856910569105690456e+02
2.866937669376693520e+02
2.876964769647696016e+02
2.886991869918699081e+02
2.897018970189701577e+02
2.907046070460704641e+02
2.917073170731707137e+02
2.927100271002709633e+02
2.937127371273712697e+02
2.947154471544715193e+02
2.957181571815717689e+02
2.967208672086720753e+02
2.977235772357723249e+02
2.987262872628725745e+02
2.997289972899728809e+02
3.007317073170731305e+02
3.017344173441734370e+02
3.027371273712736865e+02
3.037398373983739361e+02
3.047425474254742426e+02
3.057452574525744922e+02
3.067479674796747986e+02
3.077506775067750482e+02
3.087533875338752978e+02
3.097560975609756042e+02
3.107588075880758538e+02
3.117615176151761034e+02
3.127642276422764098e+02
3.137669376693766594e+02
3.147696476964769090e+02
3.157723577235772154e+02
3.167750677506774650e+02
3.177777777777777715e+02
3.187804878048780211e+02
3.197831978319782706e+02
3.207859078590785771e+02
3.217886178861788267e+02
3.227913279132791331e+02
3.237940379403793827e+02
3.247967479674796323e+02
3.257994579945799387e+02
3.268021680216801883e+02
3.278048780487804379e+02
3.288075880758807443e+02
3.298102981029809939e+02
3.308130081300812435e+02
3.318157181571815499e+02
3.328184281842817995e+02
3.338211382113821060e+02
3.348238482384823556e+02
3.358265582655826051e+02
3.368292682926829116e+02
3.378319783197831612e+02
3.388346883468834676e+02
3.398373983739837172e+02
3.408401084010839668e+02
3.418428184281842732e+02
3.428455284552845228e+02
3.438482384823847724e+02
3.448509485094850788e+02
3.458536585365853284e+02
3.468563685636855780e+02
3.478590785907858844e+02
3.488617886178861340e+02
3.498644986449864405e+02
3.508672086720866901e+02
3.518699186991869396e+02
3.528726287262872461e+02
3.538753387533874957e+02
3.548780487804878021e+02
3.558807588075880517e+02
3.568834688346883013e+02
3.578861788617886077e+02
3.588888888888888573e+02
3.598915989159891069e+02
3.608943089430894133e+02
3.618970189701896629e+02
3.628997289972899125e+02
3.639024390243902189e+02
3.649051490514904685e+02
3.659078590785907750e+02
3.669105691056910246e+02
3.679132791327912742e+02
3.689159891598915806e+02
3.699186991869918302e+02
3.709214092140921366e+02
3.719241192411923862e+02
3.729268292682926358e+02
3.739295392953929422e+02
3.749322493224931918e+02
3.759349593495934414e+02
3.769376693766937478e+02
3.779403794037939974e+02
3.789430894308942470e+02
3.799457994579945534e+02
3.809485094850948030e+02
3.819512195121951095e+02
3.829539295392953591e+02
3.839566395663956087e+02
3.849593495934959151e+02
3.859620596205961647e+02
3.869647696476964711e+02
3.879674796747967207e+02
3.889701897018969703e+02
3.899728997289972767e+02
3.909756097560975263e+02
3.919783197831977759e+02
3.929810298102980823e+02
3.939837398373983319e+02
3.949864498644985815e+02
3.959891598915988880e+02
3.969918699186991375e+02
3.979945799457994440e+02
3.989972899728996936e+02
4.000000000000000000e+02
